# k[h/Mpc]   P(k)[(Mpc/h)^3]
0.001   5798.33
0.00100231   5810.53
0.00100462   5822.75
0.00100693   5835
0.00100926   5847.26
0.00101158   5859.56
0.00101391   5871.87
0.00101625   5884.21
0.0010186   5896.57
0.00102094   5908.95
0.0010233   5921.36
0.00102566   5933.79
0.00102802   5946.24
0.00103039   5958.72
0.00103277   5971.22
0.00103515   5983.74
0.00103754   5996.29
0.00103993   6008.86
0.00104233   6021.46
0.00104473   6034.08
0.00104714   6046.72
0.00104956   6059.38
0.00105198   6072.07
0.0010544   6084.78
0.00105683   6097.52
0.00105927   6110.28
0.00106171   6123.07
0.00106416   6135.87
0.00106661   6148.71
0.00106907   6161.56
0.00107154   6174.44
0.00107401   6187.34
0.00107649   6200.27
0.00107897   6213.22
0.00108146   6226.2
0.00108395   6239.2
0.00108645   6252.22
0.00108895   6265.27
0.00109146   6278.34
0.00109398   6291.44
0.0010965   6304.56
0.00109903   6317.7
0.00110157   6330.87
0.00110411   6344.06
0.00110665   6357.28
0.0011092   6370.52
0.00111176   6383.78
0.00111432   6397.07
0.00111689   6410.39
0.00111947   6423.73
0.00112205   6437.09
0.00112464   6450.48
0.00112723   6463.89
0.00112983   6477.33
0.00113244   6490.79
0.00113505   6504.27
0.00113766   6517.78
0.00114029   6531.32
0.00114292   6544.88
0.00114555   6558.46
0.00114819   6572.07
0.00115084   6585.71
0.00115349   6599.37
0.00115615   6613.05
0.00115882   6626.76
0.00116149   6640.49
0.00116417   6654.25
0.00116685   6668.03
0.00116955   6681.84
0.00117224   6695.67
0.00117494   6709.53
0.00117765   6723.41
0.00118037   6737.32
0.00118309   6751.25
0.00118582   6765.21
0.00118855   6779.19
0.00119129   6793.2
0.00119404   6807.23
0.00119679   6821.29
0.00119955   6835.37
0.00120232   6849.48
0.00120509   6863.62
0.00120787   6877.78
0.00121066   6891.96
0.00121345   6906.17
0.00121625   6920.41
0.00121905   6934.67
0.00122186   6948.95
0.00122468   6963.26
0.0012275   6977.6
0.00123033   6991.96
0.00123317   7006.35
0.00123601   7020.76
0.00123886   7035.2
0.00124172   7049.67
0.00124458   7064.16
0.00124745   7078.67
0.00125033   7093.21
0.00125321   7107.78
0.0012561   7122.37
0.001259   7136.99
0.0012619   7151.63
0.00126481   7166.3
0.00126773   7181
0.00127065   7195.72
0.00127358   7210.47
0.00127652   7225.24
0.00127946   7240.04
0.00128241   7254.86
0.00128537   7269.71
0.00128833   7284.59
0.0012913   7299.49
0.00129428   7314.42
0.00129726   7329.38
0.00130025   7344.36
0.00130325   7359.36
0.00130626   7374.39
0.00130927   7389.45
0.00131229   7404.54
0.00131531   7419.65
0.00131835   7434.78
0.00132139   7449.95
0.00132443   7465.14
0.00132749   7480.35
0.00133055   7495.59
0.00133362   7510.86
0.00133669   7526.15
0.00133977   7541.47
0.00134286   7556.82
0.00134596   7572.19
0.00134906   7587.59
0.00135217   7603.02
0.00135529   7618.47
0.00135842   7633.95
0.00136155   7649.45
0.00136469   7664.98
0.00136784   7680.54
0.00137099   7696.13
0.00137415   7711.74
0.00137732   7727.37
0.0013805   7743.04
0.00138368   7758.73
0.00138687   7774.44
0.00139007   7790.19
0.00139327   7805.96
0.00139648   7821.75
0.0013997   7837.58
0.00140293   7853.42
0.00140617   7869.3
0.00140941   7885.2
0.00141266   7901.13
0.00141592   7917.09
0.00141918   7933.07
0.00142245   7949.08
0.00142573   7965.12
0.00142902   7981.18
0.00143232   7997.27
0.00143562   8013.39
0.00143893   8029.53
0.00144225   8045.7
0.00144557   8061.9
0.00144891   8078.13
0.00145225   8094.38
0.0014556   8110.66
0.00145895   8126.96
0.00146232   8143.29
0.00146569   8159.65
0.00146907   8176.04
0.00147245   8192.45
0.00147585   8208.89
0.00147925   8225.36
0.00148266   8241.85
0.00148608   8258.37
0.00148951   8274.92
0.00149294   8291.49
0.00149639   8308.1
0.00149984   8324.73
0.0015033   8341.38
0.00150676   8358.07
0.00151024   8374.78
0.00151372   8391.51
0.00151721   8408.28
0.00152071   8425.07
0.00152421   8441.89
0.00152773   8458.74
0.00153125   8475.61
0.00153478   8492.51
0.00153832   8509.44
0.00154187   8526.39
0.00154542   8543.37
0.00154899   8560.38
0.00155256   8577.42
0.00155614   8594.48
0.00155973   8611.58
0.00156332   8628.69
0.00156693   8645.84
0.00157054   8663.01
0.00157416   8680.21
0.00157779   8697.44
0.00158143   8714.7
0.00158508   8731.98
0.00158873   8749.29
0.00159239   8766.63
0.00159607   8783.99
0.00159975   8801.38
0.00160343   8818.8
0.00160713   8836.25
0.00161084   8853.72
0.00161455   8871.23
0.00161827   8888.75
0.00162201   8906.31
0.00162575   8923.9
0.00162949   8941.51
0.00163325   8959.15
0.00163702   8976.81
0.00164079   8994.5
0.00164458   9012.23
0.00164837   9029.97
0.00165217   9047.75
0.00165598   9065.55
0.0016598   9083.38
0.00166362   9101.24
0.00166746   9119.13
0.00167131   9137.04
0.00167516   9154.98
0.00167902   9172.95
0.00168289   9190.95
0.00168677   9208.97
0.00169066   9227.02
0.00169456   9245.1
0.00169847   9263.21
0.00170238   9281.34
0.00170631   9299.5
0.00171024   9317.69
0.00171419   9335.91
0.00171814   9354.15
0.0017221   9372.42
0.00172607   9390.72
0.00173005   9409.05
0.00173404   9427.4
0.00173804   9445.78
0.00174205   9464.19
0.00174607   9482.63
0.00175009   9501.09
0.00175413   9519.58
0.00175817   9538.1
0.00176223   9556.65
0.00176629   9575.22
0.00177036   9593.82
0.00177444   9612.45
0.00177854   9631.11
0.00178264   9649.79
0.00178675   9668.5
0.00179087   9687.24
0.001795   9706.01
0.00179914   9724.8
0.00180328   9743.63
0.00180744   9762.48
0.00181161   9781.35
0.00181579   9800.26
0.00181997   9819.19
0.00182417   9838.15
0.00182838   9857.13
0.00183259   9876.15
0.00183682   9895.19
0.00184105   9914.26
0.0018453   9933.36
0.00184955   9952.48
0.00185382   9971.63
0.00185809   9990.81
0.00186238   10010
0.00186667   10029.3
0.00187098   10048.5
0.00187529   10067.8
0.00187961   10087.1
0.00188395   10106.5
0.00188829   10125.8
0.00189265   10145.2
0.00189701   10164.7
0.00190138   10184.1
0.00190577   10203.6
0.00191016   10223.1
0.00191457   10242.6
0.00191898   10262.2
0.00192341   10281.8
0.00192784   10301.4
0.00193229   10321
0.00193674   10340.7
0.00194121   10360.4
0.00194568   10380.1
0.00195017   10399.9
0.00195467   10419.7
0.00195917   10439.5
0.00196369   10459.3
0.00196822   10479.2
0.00197276   10499.1
0.00197731   10519
0.00198187   10538.9
0.00198644   10558.9
0.00199102   10578.9
0.00199561   10598.9
0.00200021   10619
0.00200482   10639.1
0.00200944   10659.2
0.00201408   10679.3
0.00201872   10699.5
0.00202338   10719.7
0.00202804   10739.9
0.00203272   10760.1
0.0020374   10780.4
0.0020421   10800.7
0.00204681   10821
0.00205153   10841.4
0.00205626   10861.7
0.002061   10882.1
0.00206575   10902.6
0.00207052   10923
0.00207529   10943.5
0.00208008   10964
0.00208487   10984.6
0.00208968   11005.1
0.0020945   11025.7
0.00209933   11046.3
0.00210417   11067
0.00210902   11087.7
0.00211388   11108.4
0.00211876   11129.1
0.00212364   11149.8
0.00212854   11170.6
0.00213345   11191.4
0.00213837   11212.2
0.0021433   11233.1
0.00214824   11254
0.00215319   11274.9
0.00215816   11295.8
0.00216314   11316.8
0.00216812   11337.8
0.00217312   11358.8
0.00217813   11379.9
0.00218316   11400.9
0.00218819   11422
0.00219324   11443.1
0.00219829   11464.3
0.00220336   11485.5
0.00220844   11506.7
0.00221353   11527.9
0.00221864   11549.2
0.00222375   11570.4
0.00222888   11591.7
0.00223402   11613.1
0.00223917   11634.4
0.00224434   11655.8
0.00224951   11677.2
0.0022547   11698.7
0.0022599   11720.1
0.00226511   11741.6
0.00227033   11763.1
0.00227557   11784.7
0.00228081   11806.2
0.00228607   11827.8
0.00229134   11849.4
0.00229663   11871.1
0.00230192   11892.7
0.00230723   11914.4
0.00231255   11936.2
0.00231788   11957.9
0.00232323   11979.7
0.00232858   12001.5
0.00233395   12023.3
0.00233933   12045.1
0.00234473   12067
0.00235013   12088.9
0.00235555   12110.8
0.00236099   12132.8
0.00236643   12154.7
0.00237189   12176.7
0.00237735   12198.8
0.00238284   12220.8
0.00238833   12242.9
0.00239384   12265
0.00239936   12287.1
0.00240489   12309.3
0.00241044   12331.4
0.00241599   12353.6
0.00242156   12375.9
0.00242715   12398.1
0.00243274   12420.4
0.00243835   12442.7
0.00244398   12465
0.00244961   12487.3
0.00245526   12509.7
0.00246092   12532.1
0.0024666   12554.5
0.00247228   12577
0.00247798   12599.4
0.0024837   12621.9
0.00248942   12644.5
0.00249517   12667
0.00250092   12689.6
0.00250669   12712.2
0.00251247   12734.8
0.00251826   12757.4
0.00252406   12780.1
0.00252988   12802.8
0.00253572   12825.5
0.00254157   12848.2
0.00254743   12871
0.0025533   12893.7
0.00255919   12916.5
0.00256509   12939.4
0.002571   12962.2
0.00257693   12985.1
0.00258287   13008
0.00258883   13030.9
0.0025948   13053.9
0.00260078   13076.8
0.00260678   13099.8
0.00261279   13122.9
0.00261881   13145.9
0.00262485   13169
0.0026309   13192
0.00263697   13215.2
0.00264305   13238.3
0.00264915   13261.4
0.00265525   13284.6
0.00266138   13307.8
0.00266751   13331
0.00267366   13354.3
0.00267983   13377.6
0.00268601   13400.8
0.0026922   13424.2
0.00269841   13447.5
0.00270463   13470.9
0.00271087   13494.2
0.00271712   13517.6
0.00272338   13541.1
0.00272966   13564.5
0.00273596   13588
0.00274227   13611.5
0.00274859   13635
0.00275493   13658.5
0.00276128   13682.1
0.00276765   13705.7
0.00277403   13729.3
0.00278042   13752.9
0.00278684   13776.5
0.00279326   13800.2
0.0027997   13823.9
0.00280616   13847.6
0.00281263   13871.3
0.00281911   13895.1
0.00282561   13918.8
0.00283213   13942.6
0.00283866   13966.4
0.0028452   13990.3
0.00285177   14014.1
0.00285834   14038
0.00286493   14061.9
0.00287154   14085.8
0.00287816   14109.8
0.0028848   14133.7
0.00289145   14157.7
0.00289811   14181.7
0.0029048   14205.7
0.00291149   14229.8
0.00291821   14253.8
0.00292494   14277.9
0.00293168   14302
0.00293844   14326.1
0.00294522   14350.3
0.00295201   14374.4
0.00295881   14398.6
0.00296564   14422.8
0.00297248   14447
0.00297933   14471.3
0.0029862   14495.5
0.00299308   14519.8
0.00299999   14544.1
0.0030069   14568.4
0.00301384   14592.7
0.00302079   14617.1
0.00302775   14641.5
0.00303473   14665.9
0.00304173   14690.3
0.00304874   14714.7
0.00305577   14739.2
0.00306282   14763.6
0.00306988   14788.1
0.00307696   14812.6
0.00308406   14837.1
0.00309117   14861.7
0.0030983   14886.2
0.00310544   14910.8
0.0031126   14935.4
0.00311978   14960
0.00312697   14984.6
0.00313418   15009.3
0.00314141   15033.9
0.00314865   15058.6
0.00315591   15083.3
0.00316319   15108
0.00317048   15132.8
0.00317779   15157.5
0.00318512   15182.3
0.00319246   15207.1
0.00319983   15231.9
0.0032072   15256.7
0.0032146   15281.5
0.00322201   15306.4
0.00322944   15331.2
0.00323689   15356.1
0.00324435   15381
0.00325183   15405.9
0.00325933   15430.9
0.00326685   15455.8
0.00327438   15480.8
0.00328193   15505.8
0.0032895   15530.8
0.00329708   15555.8
0.00330468   15580.8
0.0033123   15605.8
0.00331994   15630.9
0.0033276   15656
0.00333527   15681.1
0.00334296   15706.2
0.00335067   15731.3
0.00335839   15756.4
0.00336614   15781.6
0.0033739   15806.7
0.00338168   15831.9
0.00338948   15857.1
0.00339729   15882.3
0.00340512   15907.5
0.00341298   15932.8
0.00342085   15958
0.00342873   15983.3
0.00343664   16008.5
0.00344456   16033.8
0.00345251   16059.1
0.00346047   16084.4
0.00346845   16109.8
0.00347644   16135.1
0.00348446   16160.5
0.00349249   16185.8
0.00350055   16211.2
0.00350862   16236.6
0.00351671   16262
0.00352482   16287.4
0.00353295   16312.9
0.00354109   16338.3
0.00354926   16363.8
0.00355744   16389.2
0.00356564   16414.7
0.00357387   16440.2
0.00358211   16465.7
0.00359037   16491.2
0.00359865   16516.8
0.00360694   16542.3
0.00361526   16567.8
0.0036236   16593.4
0.00363195   16619
0.00364033   16644.6
0.00364872   16670.2
0.00365713   16695.8
0.00366557   16721.4
0.00367402   16747
0.00368249   16772.6
0.00369098   16798.3
0.00369949   16823.9
0.00370802   16849.6
0.00371657   16875.3
0.00372514   16901
0.00373373   16926.7
0.00374234   16952.4
0.00375097   16978.1
0.00375962   17003.8
0.00376829   17029.5
0.00377698   17055.3
0.00378569   17081
0.00379441   17106.8
0.00380316   17132.5
0.00381193   17158.3
0.00382072   17184.1
0.00382953   17209.9
0.00383836   17235.7
0.00384721   17261.5
0.00385608   17287.3
0.00386498   17313.2
0.00387389   17339
0.00388282   17364.8
0.00389177   17390.7
0.00390075   17416.5
0.00390974   17442.4
0.00391876   17468.2
0.00392779   17494.1
0.00393685   17520
0.00394593   17545.9
0.00395503   17571.8
0.00396415   17597.7
0.00397329   17623.6
0.00398245   17649.5
0.00399163   17675.4
0.00400083   17701.3
0.00401006   17727.3
0.00401931   17753.2
0.00402857   17779.1
0.00403786   17805.1
0.00404717   17831
0.00405651   17857
0.00406586   17883
0.00407523   17908.9
0.00408463   17934.9
0.00409405   17960.9
0.00410349   17986.8
0.00411295   18012.8
0.00412243   18038.8
0.00413194   18064.8
0.00414147   18090.8
0.00415102   18116.8
0.00416059   18142.8
0.00417018   18168.8
0.0041798   18194.8
0.00418944   18220.8
0.0041991   18246.8
0.00420878   18272.8
0.00421848   18298.8
0.00422821   18324.8
0.00423796   18350.8
0.00424773   18376.9
0.00425753   18402.9
0.00426734   18428.9
0.00427718   18454.9
0.00428704   18481
0.00429693   18507
0.00430684   18533
0.00431677   18559.1
0.00432672   18585.1
0.0043367   18611.1
0.0043467   18637.1
0.00435672   18663.2
0.00436677   18689.2
0.00437684   18715.2
0.00438693   18741.3
0.00439704   18767.3
0.00440718   18793.3
0.00441734   18819.4
0.00442753   18845.4
0.00443774   18871.4
0.00444797   18897.4
0.00445823   18923.5
0.00446851   18949.5
0.00447881   18975.5
0.00448914   19001.5
0.00449949   19027.6
0.00450986   19053.6
0.00452026   19079.6
0.00453069   19105.6
0.00454113   19131.6
0.0045516   19157.6
0.0045621   19183.6
0.00457262   19209.6
0.00458316   19235.6
0.00459373   19261.6
0.00460432   19287.6
0.00461494   19313.6
0.00462558   19339.6
0.00463625   19365.5
0.00464694   19391.5
0.00465765   19417.5
0.00466839   19443.4
0.00467916   19469.4
0.00468995   19495.3
0.00470076   19521.3
0.0047116   19547.2
0.00472246   19573.2
0.00473335   19599.1
0.00474427   19625
0.00475521   19651
0.00476617   19676.9
0.00477716   19702.8
0.00478818   19728.7
0.00479922   19754.6
0.00481028   19780.5
0.00482137   19806.3
0.00483249   19832.2
0.00484363   19858.1
0.0048548   19883.9
0.004866   19909.8
0.00487722   19935.6
0.00488846   19961.5
0.00489973   19987.3
0.00491103   20013.1
0.00492236   20038.9
0.00493371   20064.7
0.00494508   20090.5
0.00495648   20116.3
0.00496791   20142.1
0.00497937   20167.8
0.00499085   20193.6
0.00500236   20219.3
0.00501389   20245
0.00502545   20270.8
0.00503704   20296.5
0.00504866   20322.2
0.0050603   20347.9
0.00507197   20373.5
0.00508366   20399.2
0.00509538   20424.9
0.00510713   20450.5
0.00511891   20476.1
0.00513071   20501.8
0.00514254   20527.4
0.0051544   20553
0.00516628   20578.6
0.0051782   20604.1
0.00519014   20629.7
0.0052021   20655.2
0.0052141   20680.8
0.00522612   20706.3
0.00523817   20731.8
0.00525025   20757.3
0.00526236   20782.8
0.00527449   20808.2
0.00528665   20833.7
0.00529884   20859.1
0.00531106   20884.5
0.00532331   20909.9
0.00533558   20935.3
0.00534788   20960.7
0.00536022   20986
0.00537258   21011.4
0.00538496   21036.7
0.00539738   21062
0.00540983   21087.3
0.0054223   21112.6
0.0054348   21137.8
0.00544733   21163.1
0.0054599   21188.3
0.00547248   21213.5
0.0054851   21238.7
0.00549775   21263.9
0.00551043   21289
0.00552313   21314.2
0.00553587   21339.3
0.00554863   21364.4
0.00556143   21389.5
0.00557425   21414.5
0.0055871   21439.6
0.00559999   21464.6
0.0056129   21489.6
0.00562584   21514.6
0.00563881   21539.5
0.00565182   21564.5
0.00566485   21589.4
0.00567791   21614.3
0.005691   21639.2
0.00570413   21664
0.00571728   21688.9
0.00573046   21713.7
0.00574367   21738.5
0.00575692   21763.3
0.00577019   21788
0.0057835   21812.8
0.00579683   21837.5
0.0058102   21862.1
0.0058236   21886.8
0.00583702   21911.4
0.00585048   21936.1
0.00586397   21960.7
0.0058775   21985.2
0.00589105   22009.8
0.00590463   22034.3
0.00591825   22058.8
0.00593189   22083.3
0.00594557   22107.7
0.00595928   22132.1
0.00597302   22156.5
0.00598679   22180.9
0.0060006   22205.2
0.00601443   22229.6
0.0060283   22253.8
0.0060422   22278.1
0.00605614   22302.4
0.0060701   22326.6
0.0060841   22350.8
0.00609812   22374.9
0.00611219   22399
0.00612628   22423.2
0.00614041   22447.2
0.00615456   22471.3
0.00616876   22495.3
0.00618298   22519.3
0.00619724   22543.3
0.00621153   22567.2
0.00622585   22591.1
0.0062402   22615
0.00625459   22638.8
0.00626901   22662.6
0.00628347   22686.4
0.00629796   22710.2
0.00631248   22733.9
0.00632704   22757.6
0.00634162   22781.3
0.00635625   22804.9
0.0063709   22828.5
0.00638559   22852.1
0.00640032   22875.6
0.00641508   22899.1
0.00642987   22922.6
0.00644469   22946.1
0.00645955   22969.5
0.00647445   22992.9
0.00648938   23016.2
0.00650434   23039.5
0.00651934   23062.8
0.00653437   23086
0.00654944   23109.3
0.00656454   23132.4
0.00657968   23155.6
0.00659485   23178.7
0.00661005   23201.8
0.0066253   23224.8
0.00664057   23247.8
0.00665588   23270.8
0.00667123   23293.7
0.00668661   23316.6
0.00670203   23339.5
0.00671749   23362.3
0.00673298   23385.1
0.0067485   23407.8
0.00676406   23430.5
0.00677966   23453.2
0.00679529   23475.9
0.00681096   23498.5
0.00682666   23521
0.00684241   23543.6
0.00685818   23566.1
0.006874   23588.5
0.00688985   23610.9
0.00690573   23633.3
0.00692166   23655.6
0.00693762   23677.9
0.00695361   23700.2
0.00696965   23722.4
0.00698572   23744.6
0.00700183   23766.7
0.00701797   23788.8
0.00703415   23810.8
0.00705037   23832.8
0.00706663   23854.8
0.00708292   23876.7
0.00709926   23898.6
0.00711563   23920.5
0.00713203   23942.3
0.00714848   23964
0.00716496   23985.8
0.00718148   24007.4
0.00719804   24029.1
0.00721464   24050.6
0.00723127   24072.2
0.00724795   24093.7
0.00726466   24115.2
0.00728141   24136.6
0.0072982   24157.9
0.00731503   24179.3
0.0073319   24200.5
0.0073488   24221.8
0.00736575   24243
0.00738273   24264.1
0.00739975   24285.2
0.00741682   24306.2
0.00743392   24327.3
0.00745106   24348.2
0.00746824   24369.1
0.00748546   24390
0.00750272   24410.8
0.00752002   24431.6
0.00753736   24452.3
0.00755474   24473
0.00757216   24493.6
0.00758962   24514.2
0.00760712   24534.7
0.00762466   24555.2
0.00764224   24575.6
0.00765986   24596
0.00767753   24616.3
0.00769523   24636.6
0.00771297   24656.8
0.00773076   24677
0.00774858   24697.2
0.00776645   24717.2
0.00778436   24737.3
0.00780231   24757.2
0.0078203   24777.2
0.00783833   24797.1
0.0078564   24816.9
0.00787452   24836.6
0.00789268   24856.4
0.00791088   24876
0.00792912   24895.7
0.0079474   24915.2
0.00796572   24934.7
0.00798409   24954.2
0.0080025   24973.6
0.00802095   24992.9
0.00803945   25012.2
0.00805799   25031.5
0.00807657   25050.6
0.00809519   25069.8
0.00811386   25088.9
0.00813257   25107.9
0.00815132   25126.8
0.00817011   25145.7
0.00818895   25164.6
0.00820783   25183.4
0.00822676   25202.1
0.00824573   25220.8
0.00826474   25239.5
0.0082838   25258
0.0083029   25276.5
0.00832204   25295
0.00834123   25313.4
0.00836047   25331.7
0.00837975   25350
0.00839907   25368.2
0.00841843   25386.4
0.00843785   25404.5
0.0084573   25422.5
0.0084768   25440.5
0.00849635   25458.5
0.00851594   25476.3
0.00853558   25494.1
0.00855526   25511.9
0.00857498   25529.6
0.00859476   25547.2
0.00861457   25564.8
0.00863444   25582.3
0.00865435   25599.7
0.0086743   25617.1
0.0086943   25634.4
0.00871435   25651.7
0.00873444   25668.9
0.00875458   25686
0.00877477   25703.1
0.008795   25720.1
0.00881528   25737
0.00883561   25753.9
0.00885598   25770.7
0.0088764   25787.5
0.00889687   25804.2
0.00891739   25820.8
0.00893795   25837.3
0.00895856   25853.8
0.00897921   25870.3
0.00899992   25886.6
0.00902067   25902.9
0.00904147   25919.2
0.00906232   25935.3
0.00908321   25951.4
0.00910416   25967.5
0.00912515   25983.5
0.00914619   25999.4
0.00916728   26015.2
0.00918842   26031
0.00920961   26046.7
0.00923084   26062.3
0.00925213   26077.9
0.00927346   26093.4
0.00929484   26108.8
0.00931628   26124.2
0.00933776   26139.4
0.00935929   26154.7
0.00938087   26169.8
0.0094025   26184.9
0.00942418   26199.9
0.00944591   26214.9
0.00946769   26229.8
0.00948952   26244.6
0.0095114   26259.3
0.00953333   26274
0.00955532   26288.6
0.00957735   26303.1
0.00959943   26317.5
0.00962157   26331.9
0.00964375   26346.2
0.00966599   26360.5
0.00968828   26374.6
0.00971062   26388.7
0.00973301   26402.7
0.00975545   26416.7
0.00977794   26430.6
0.00980049   26444.4
0.00982309   26458.1
0.00984574   26471.7
0.00986844   26485.3
0.0098912   26498.8
0.009914   26512.3
0.00993686   26525.6
0.00995978   26538.9
0.00998274   26552.1
0.0100058   26565.2
0.0100288   26578.3
0.010052   26591.3
0.0100751   26604.2
0.0100984   26617
0.0101216   26629.8
0.010145   26642.5
0.0101684   26655.1
0.0101918   26667.6
0.0102153   26680
0.0102389   26692.4
0.0102625   26704.7
0.0102862   26716.9
0.0103099   26729.1
0.0103336   26741.1
0.0103575   26753.1
0.0103814   26765
0.0104053   26776.8
0.0104293   26788.6
0.0104533   26800.3
0.0104774   26811.9
0.0105016   26823.4
0.0105258   26834.8
0.0105501   26846.1
0.0105744   26857.4
0.0105988   26868.6
0.0106232   26879.7
0.0106477   26890.8
0.0106723   26901.7
0.0106969   26912.6
0.0107215   26923.4
0.0107463   26934.1
0.0107711   26944.7
0.0107959   26955.3
0.0108208   26965.7
0.0108457   26976.1
0.0108707   26986.4
0.0108958   26996.6
0.0109209   27006.8
0.0109461   27016.8
0.0109713   27026.8
0.0109966   27036.7
0.011022   27046.5
0.0110474   27056.2
0.0110729   27065.8
0.0110984   27075.4
0.011124   27084.8
0.0111497   27094.2
0.0111754   27103.5
0.0112011   27112.7
0.011227   27121.9
0.0112529   27130.9
0.0112788   27139.9
0.0113048   27148.8
0.0113309   27157.6
0.011357   27166.3
0.0113832   27174.9
0.0114094   27183.4
0.0114357   27191.9
0.0114621   27200.2
0.0114885   27208.5
0.011515   27216.7
0.0115416   27224.8
0.0115682   27232.8
0.0115949   27240.7
0.0116216   27248.6
0.0116484   27256.3
0.0116753   27264
0.0117022   27271.6
0.0117292   27279.1
0.0117562   27286.5
0.0117833   27293.8
0.0118105   27301
0.0118377   27308.1
0.011865   27315.2
0.0118924   27322.1
0.0119198   27329
0.0119473   27335.8
0.0119748   27342.5
0.0120024   27349.1
0.0120301   27355.6
0.0120579   27362
0.0120857   27368.4
0.0121135   27374.6
0.0121415   27380.8
0.0121695   27386.8
0.0121975   27392.8
0.0122256   27398.7
0.0122538   27404.5
0.0122821   27410.2
0.0123104   27415.8
0.0123388   27421.3
0.0123672   27426.7
0.0123958   27432
0.0124243   27437.3
0.012453   27442.4
0.0124817   27447.5
0.0125105   27452.5
0.0125393   27457.3
0.0125683   27462.1
0.0125972   27466.8
0.0126263   27471.4
0.0126554   27475.9
0.0126846   27480.3
0.0127138   27484.6
0.0127431   27488.8
0.0127725   27493
0.012802   27497
0.0128315   27501
0.0128611   27504.8
0.0128907   27508.6
0.0129205   27512.2
0.0129502   27515.8
0.0129801   27519.3
0.01301   27522.6
0.01304   27525.9
0.0130701   27529.1
0.0131002   27532.2
0.0131304   27535.2
0.0131607   27538.1
0.0131911   27540.9
0.0132215   27543.6
0.013252   27546.2
0.0132825   27548.8
0.0133132   27551.2
0.0133439   27553.5
0.0133746   27555.8
0.0134055   27557.9
0.0134364   27559.9
0.0134674   27561.9
0.0134984   27563.7
0.0135295   27565.5
0.0135607   27567.2
0.013592   27568.7
0.0136233   27570.2
0.0136548   27571.5
0.0136862   27572.8
0.0137178   27574
0.0137494   27575.1
0.0137811   27576
0.0138129   27576.9
0.0138448   27577.7
0.0138767   27578.4
0.0139087   27579
0.0139407   27579.5
0.0139729   27579.9
0.0140051   27580.2
0.0140374   27580.4
0.0140698   27580.5
0.0141022   27580.5
0.0141347   27580.4
0.0141673   27580.2
0.0142   27579.9
0.0142327   27579.5
0.0142656   27579
0.0142984   27578.4
0.0143314   27577.7
0.0143645   27576.9
0.0143976   27576
0.0144308   27575
0.0144641   27574
0.0144974   27572.8
0.0145308   27571.5
0.0145643   27570.1
0.0145979   27568.6
0.0146316   27567
0.0146653   27565.4
0.0146991   27563.6
0.014733   27561.7
0.014767   27559.7
0.0148011   27557.6
0.0148352   27555.5
0.0148694   27553.2
0.0149037   27550.8
0.014938   27548.3
0.0149725   27545.7
0.015007   27543
0.0150416   27540.3
0.0150763   27537.4
0.0151111   27534.4
0.0151459   27531.3
0.0151808   27528.1
0.0152158   27524.9
0.0152509   27521.5
0.0152861   27518
0.0153213   27514.4
0.0153567   27510.7
0.0153921   27506.9
0.0154276   27503
0.0154631   27499
0.0154988   27495
0.0155345   27490.8
0.0155703   27486.5
0.0156062   27482.1
0.0156422   27477.6
0.0156783   27473
0.0157144   27468.3
0.0157507   27463.5
0.015787   27458.6
0.0158234   27453.6
0.0158599   27448.5
0.0158965   27443.3
0.0159331   27438
0.0159698   27432.6
0.0160067   27427.1
0.0160436   27421.5
0.0160806   27415.7
0.0161177   27409.9
0.0161548   27404
0.0161921   27398
0.0162294   27391.9
0.0162668   27385.7
0.0163043   27379.3
0.0163419   27372.9
0.0163796   27366.4
0.0164174   27359.8
0.0164552   27353.1
0.0164932   27346.2
0.0165312   27339.3
0.0165693   27332.3
0.0166075   27325.1
0.0166458   27317.9
0.0166842   27310.6
0.0167227   27303.1
0.0167612   27295.6
0.0167999   27287.9
0.0168386   27280.2
0.0168774   27272.4
0.0169164   27264.4
0.0169554   27256.4
0.0169945   27248.2
0.0170337   27240
0.0170729   27231.6
0.0171123   27223.2
0.0171518   27214.6
0.0171913   27205.9
0.0172309   27197.2
0.0172707   27188.3
0.0173105   27179.4
0.0173504   27170.3
0.0173904   27161.1
0.0174305   27151.9
0.0174707   27142.5
0.017511   27133
0.0175514   27123.5
0.0175918   27113.8
0.0176324   27104
0.0176731   27094.1
0.0177138   27084.2
0.0177547   27074.1
0.0177956   27063.9
0.0178366   27053.6
0.0178778   27043.3
0.017919   27032.8
0.0179603   27022.2
0.0180017   27011.5
0.0180432   27000.7
0.0180848   26989.8
0.0181265   26978.9
0.0181683   26967.8
0.0182102   26956.6
0.0182522   26945.3
0.0182943   26933.9
0.0183365   26922.4
0.0183788   26910.8
0.0184211   26899.1
0.0184636   26887.3
0.0185062   26875.5
0.0185489   26863.5
0.0185916   26851.4
0.0186345   26839.2
0.0186775   26826.9
0.0187205   26814.5
0.0187637   26802
0.018807   26789.4
0.0188503   26776.7
0.0188938   26763.9
0.0189374   26751
0.018981   26738.1
0.0190248   26725
0.0190687   26711.8
0.0191126   26698.5
0.0191567   26685.1
0.0192009   26671.6
0.0192451   26658
0.0192895   26644.3
0.019334   26630.6
0.0193786   26616.7
0.0194233   26602.7
0.019468   26588.6
0.0195129   26574.4
0.0195579   26560.2
0.019603   26545.8
0.0196482   26531.3
0.0196935   26516.7
0.0197389   26502.1
0.0197845   26487.3
0.0198301   26472.4
0.0198758   26457.5
0.0199216   26442.4
0.0199676   26427.2
0.0200136   26412
0.0200598   26396.6
0.020106   26381.2
0.0201524   26365.6
0.0201988   26350
0.0202454   26334.2
0.0202921   26318.4
0.0203389   26302.4
0.0203858   26286.4
0.0204328   26270.3
0.0204799   26254.1
0.0205271   26237.7
0.0205745   26221.3
0.0206219   26204.8
0.0206694   26188.2
0.0207171   26171.5
0.0207649   26154.7
0.0208128   26137.8
0.0208607   26120.8
0.0209088   26103.7
0.0209571   26086.5
0.0210054   26069.2
0.0210538   26051.9
0.0211024   26034.4
0.021151   26016.8
0.0211998   25999.2
0.0212487   25981.4
0.0212977   25963.6
0.0213468   25945.6
0.021396   25927.6
0.0214453   25909.5
0.0214948   25891.2
0.0215443   25872.9
0.021594   25854.5
0.0216438   25836
0.0216937   25817.4
0.0217437   25798.7
0.0217939   25780
0.0218441   25761.1
0.0218945   25742.1
0.021945   25723.1
0.0219956   25703.9
0.0220463   25684.7
0.0220971   25665.3
0.0221481   25645.9
0.0221992   25626.4
0.0222503   25606.8
0.0223017   25587.1
0.0223531   25567.3
0.0224046   25547.4
0.0224563   25527.5
0.0225081   25507.4
0.02256   25487.3
0.022612   25467
0.0226641   25446.7
0.0227164   25426.3
0.0227688   25405.8
0.0228213   25385.2
0.0228739   25364.5
0.0229266   25343.7
0.0229795   25322.8
0.0230325   25301.9
0.0230856   25280.8
0.0231388   25259.7
0.0231922   25238.5
0.0232456   25217.2
0.0232992   25195.8
0.023353   25174.3
0.0234068   25152.8
0.0234608   25131.1
0.0235149   25109.4
0.0235691   25087.5
0.0236235   25065.6
0.0236779   25043.6
0.0237325   25021.5
0.0237872   24999.4
0.0238421   24977.1
0.0238971   24954.8
0.0239522   24932.3
0.0240074   24909.8
0.0240628   24887.2
0.0241182   24864.5
0.0241739   24841.8
0.0242296   24818.9
0.0242855   24796
0.0243415   24773
0.0243976   24749.9
0.0244538   24726.7
0.0245102   24703.4
0.0245667   24680.1
0.0246234   24656.7
0.0246802   24633.1
0.0247371   24609.5
0.0247941   24585.9
0.0248513   24562.1
0.0249086   24538.3
0.024966   24514.3
0.0250236   24490.3
0.0250813   24466.3
0.0251391   24442.1
0.0251971   24417.9
0.0252552   24393.5
0.0253134   24369.1
0.0253718   24344.6
0.0254303   24320.1
0.0254889   24295.4
0.0255477   24270.7
0.0256066   24245.9
0.0256657   24221.1
0.0257248   24196.1
0.0257842   24171.1
0.0258436   24146
0.0259032   24120.8
0.0259629   24095.5
0.0260228   24070.2
0.0260828   24044.7
0.0261429   24019.3
0.0262032   23993.7
0.0262636   23968
0.0263242   23942.3
0.0263849   23916.5
0.0264457   23890.7
0.0265067   23864.7
0.0265678   23838.7
0.0266291   23812.6
0.0266905   23786.4
0.026752   23760.2
0.0268137   23733.9
0.0268755   23707.5
0.0269375   23681
0.0269996   23654.5
0.0270619   23627.9
0.0271243   23601.2
0.0271868   23574.5
0.0272495   23547.6
0.0273124   23520.7
0.0273753   23493.8
0.0274385   23466.7
0.0275017   23439.6
0.0275651   23412.5
0.0276287   23385.2
0.0276924   23357.9
0.0277563   23330.5
0.0278203   23303.1
0.0278844   23275.5
0.0279487   23248
0.0280131   23220.3
0.0280777   23192.6
0.0281425   23164.8
0.0282074   23136.9
0.0282724   23109
0.0283376   23081
0.0284029   23052.9
0.0284684   23024.8
0.0285341   22996.6
0.0285999   22968.4
0.0286658   22940
0.0287319   22911.6
0.0287982   22883.2
0.0288646   22854.7
0.0289311   22826.1
0.0289978   22797.5
0.0290647   22768.7
0.0291317   22740
0.0291989   22711.1
0.0292662   22682.2
0.0293337   22653.3
0.0294013   22624.3
0.0294691   22595.2
0.0295371   22566
0.0296052   22536.8
0.0296735   22507.6
0.0297419   22478.2
0.0298105   22448.8
0.0298792   22419.4
0.0299481   22389.9
0.0300171   22360.3
0.0300864   22330.7
0.0301557   22301
0.0302253   22271.3
0.030295   22241.5
0.0303648   22211.6
0.0304348   22181.7
0.030505   22151.7
0.0305753   22121.7
0.0306458   22091.6
0.0307165   22061.5
0.0307873   22031.3
0.0308583   22001
0.0309295   21970.7
0.0310008   21940.4
0.0310723   21909.9
0.0311439   21879.5
0.0312157   21848.9
0.0312877   21818.4
0.0313599   21787.7
0.0314322   21757
0.0315046   21726.3
0.0315773   21695.5
0.0316501   21664.7
0.0317231   21633.8
0.0317962   21602.8
0.0318695   21571.8
0.031943   21540.8
0.0320167   21509.7
0.0320905   21478.6
0.0321645   21447.4
0.0322387   21416.1
0.032313   21384.8
0.0323875   21353.5
0.0324622   21322.1
0.032537   21290.6
0.0326121   21259.2
0.0326873   21227.6
0.0327626   21196
0.0328382   21164.4
0.0329139   21132.7
0.0329898   21101
0.0330659   21069.2
0.0331421   21037.4
0.0332185   21005.6
0.0332951   20973.7
0.0333719   20941.7
0.0334488   20909.7
0.033526   20877.7
0.0336033   20845.6
0.0336808   20813.5
0.0337584   20781.3
0.0338363   20749.1
0.0339143   20716.9
0.0339925   20684.6
0.0340709   20652.3
0.0341494   20619.9
0.0342282   20587.5
0.0343071   20555
0.0343862   20522.6
0.0344655   20490
0.034545   20457.4
0.0346246   20424.8
0.0347044   20392.2
0.0347845   20359.5
0.0348647   20326.8
0.0349451   20294
0.0350256   20261.2
0.0351064   20228.4
0.0351874   20195.5
0.0352685   20162.6
0.0353498   20129.7
0.0354313   20096.7
0.035513   20063.7
0.0355949   20030.6
0.035677   19997.5
0.0357592   19964.4
0.0358417   19931.2
0.0359243   19898.1
0.0360072   19864.8
0.0360902   19831.6
0.0361734   19798.3
0.0362568   19765
0.0363404   19731.6
0.0364242   19698.3
0.0365082   19664.8
0.0365924   19631.4
0.0366768   19597.9
0.0367613   19564.4
0.0368461   19530.9
0.0369311   19497.3
0.0370162   19463.7
0.0371016   19430.1
0.0371871   19396.5
0.0372729   19362.8
0.0373588   19329.1
0.037445   19295.4
0.0375313   19261.6
0.0376178   19227.8
0.0377046   19194
0.0377915   19160.2
0.0378787   19126.3
0.037966   19092.4
0.0380535   19058.5
0.0381413   19024.6
0.0382292   18990.6
0.0383174   18956.6
0.0384057   18922.6
0.0384943   18888.6
0.0385831   18854.5
0.038672   18820.5
0.0387612   18786.4
0.0388506   18752.3
0.0389401   18718.1
0.0390299   18684
0.0391199   18649.8
0.0392101   18615.6
0.0393005   18581.3
0.0393912   18547.1
0.039482   18512.8
0.039573   18478.6
0.0396643   18444.3
0.0397557   18409.9
0.0398474   18375.6
0.0399393   18341.2
0.0400314   18306.9
0.0401237   18272.5
0.0402162   18238.1
0.0403089   18203.7
0.0404019   18169.2
0.040495   18134.8
0.0405884   18100.3
0.040682   18065.8
0.0407758   18031.3
0.0408698   17996.8
0.0409641   17962.3
0.0410585   17927.8
0.0411532   17893.2
0.0412481   17858.6
0.0413432   17824.1
0.0414385   17789.5
0.0415341   17754.9
0.0416299   17720.3
0.0417258   17685.6
0.0418221   17651
0.0419185   17616.4
0.0420151   17581.7
0.042112   17547
0.0422091   17512.4
0.0423065   17477.7
0.042404   17443
0.0425018   17408.3
0.0425998   17373.6
0.042698   17338.9
0.0427965   17304.1
0.0428951   17269.4
0.042994   17234.7
0.0430932   17199.9
0.0431926   17165.2
0.0432921   17130.4
0.043392   17095.7
0.043492   17060.9
0.0435923   17026.1
0.0436928   16991.4
0.0437936   16956.6
0.0438946   16921.8
0.0439958   16887
0.0440972   16852.2
0.0441989   16817.4
0.0443008   16782.6
0.044403   16747.8
0.0445053   16713
0.044608   16678.2
0.0447108   16643.4
0.0448139   16608.6
0.0449172   16573.8
0.0450208   16539
0.0451246   16504.2
0.0452287   16469.4
0.045333   16434.6
0.0454375   16399.8
0.0455423   16365
0.0456473   16330.2
0.0457525   16295.4
0.045858   16260.6
0.0459638   16225.8
0.0460697   16191.1
0.046176   16156.3
0.0462825   16121.5
0.0463892   16086.7
0.0464961   16051.9
0.0466033   16017.2
0.0467108   15982.4
0.0468185   15947.6
0.0469265   15912.9
0.0470347   15878.2
0.0471431   15843.4
0.0472518   15808.7
0.0473608   15774
0.04747   15739.2
0.0475794   15704.5
0.0476892   15669.8
0.0477991   15635.1
0.0479093   15600.4
0.0480198   15565.7
0.0481305   15531.1
0.0482415   15496.4
0.0483527   15461.8
0.0484642   15427.1
0.048576   15392.5
0.048688   15357.9
0.0488003   15323.3
0.0489128   15288.7
0.0490256   15254.1
0.0491386   15219.5
0.0492519   15184.9
0.0493655   15150.4
0.0494793   15115.8
0.0495934   15081.3
0.0497078   15046.8
0.0498224   15012.3
0.0499372   14977.8
0.0500524   14943.3
0.0501678   14908.9
0.0502835   14874.4
0.0503994   14840
0.0505156   14805.6
0.0506321   14771.2
0.0507489   14736.8
0.0508659   14702.4
0.0509832   14668.1
0.0511007   14633.7
0.0512186   14599.4
0.0513367   14565.1
0.051455   14530.8
0.0515737   14496.6
0.0516926   14462.3
0.0518118   14428.1
0.0519313   14393.9
0.052051   14359.7
0.052171   14325.5
0.0522913   14291.4
0.0524119   14257.2
0.0525327   14223.1
0.0526539   14189
0.0527753   14155
0.052897   14120.9
0.0530189   14086.9
0.0531412   14052.9
0.0532637   14018.9
0.0533866   13984.9
0.0535096   13951
0.053633   13917
0.0537567   13883.1
0.0538807   13849.3
0.0540049   13815.4
0.0541294   13781.6
0.0542542   13747.8
0.0543793   13714
0.0545047   13680.2
0.0546304   13646.5
0.0547564   13612.8
0.0548826   13579.1
0.0550092   13545.5
0.055136   13511.8
0.0552631   13478.2
0.0553906   13444.6
0.0555183   13411.1
0.0556463   13377.5
0.0557746   13344
0.0559032   13310.6
0.0560321   13277.1
0.0561613   13243.7
0.0562908   13210.3
0.0564206   13176.9
0.0565507   13143.6
0.0566811   13110.3
0.0568118   13077
0.0569428   13043.7
0.0570741   13010.5
0.0572057   12977.3
0.0573376   12944.2
0.0574698   12911
0.0576023   12877.9
0.0577352   12844.9
0.0578683   12811.8
0.0580017   12778.8
0.0581355   12745.8
0.0582695   12712.9
0.0584039   12679.9
0.0585385   12647.1
0.0586735   12614.2
0.0588088   12581.4
0.0589444   12548.6
0.0590803   12515.8
0.0592166   12483.1
0.0593531   12450.4
0.05949   12417.7
0.0596271   12385.1
0.0597646   12352.5
0.0599024   12320
0.0600405   12287.4
0.060179   12255
0.0603177   12222.5
0.0604568   12190.1
0.0605962   12157.7
0.060736   12125.3
0.060876   12093
0.0610164   12060.7
0.0611571   12028.5
0.0612981   11996.3
0.0614394   11964.1
0.0615811   11932
0.0617231   11899.9
0.0618654   11867.8
0.0620081   11835.8
0.062151   11803.8
0.0622943   11771.8
0.062438   11739.9
0.062582   11708.1
0.0627263   11676.2
0.0628709   11644.4
0.0630159   11612.7
0.0631612   11580.9
0.0633068   11549.2
0.0634528   11517.6
0.0635991   11486
0.0637457   11454.4
0.0638927   11422.9
0.06404   11391.4
0.0641877   11360
0.0643357   11328.5
0.0644841   11297.2
0.0646327   11265.8
0.0647818   11234.6
0.0649312   11203.3
0.0650809   11172.1
0.0652309   11140.9
0.0653813   11109.8
0.0655321   11078.7
0.0656832   11047.7
0.0658347   11016.7
0.0659865   10985.7
0.0661386   10954.8
0.0662911   10923.9
0.066444   10893.1
0.0665972   10862.3
0.0667507   10831.6
0.0669047   10800.9
0.0670589   10770.2
0.0672136   10739.6
0.0673685   10709
0.0675239   10678.5
0.0676796   10648
0.0678356   10617.5
0.067992   10587.1
0.0681488   10556.8
0.068306   10526.5
0.0684635   10496.2
0.0686213   10466
0.0687796   10435.8
0.0689381   10405.7
0.0690971   10375.6
0.0692564   10345.5
0.0694161   10315.5
0.0695762   10285.6
0.0697366   10255.7
0.0698974   10225.8
0.0700586   10196
0.0702201   10166.2
0.070382   10136.5
0.0705443   10106.8
0.070707   10077.2
0.07087   10047.6
0.0710334   10018.1
0.0711972   9988.57
0.0713614   9959.12
0.0715259   9929.72
0.0716909   9900.37
0.0718562   9871.07
0.0720219   9841.81
0.0721879   9812.6
0.0723544   9783.44
0.0725212   9754.33
0.0726884   9725.26
0.072856   9696.24
0.073024   9667.27
0.0731924   9638.35
0.0733612   9609.48
0.0735303   9580.65
0.0736999   9551.87
0.0738698   9523.14
0.0740402   9494.47
0.0742109   9465.83
0.074382   9437.25
0.0745535   9408.72
0.0747254   9380.24
0.0748977   9351.8
0.0750704   9323.42
0.0752435   9295.08
0.075417   9266.79
0.0755909   9238.56
0.0757652   9210.37
0.0759399   9182.23
0.076115   9154.15
0.0762905   9126.11
0.0764664   9098.12
0.0766428   9070.19
0.0768195   9042.3
0.0769966   9014.47
0.0771742   8986.68
0.0773521   8958.95
0.0775305   8931.26
0.0777092   8903.63
0.0778884   8876.05
0.078068   8848.51
0.078248   8821.03
0.0784284   8793.6
0.0786093   8766.23
0.0787905   8738.9
0.0789722   8711.62
0.0791543   8684.4
0.0793368   8657.23
0.0795198   8630.11
0.0797031   8603.04
0.0798869   8576.02
0.0800711   8549.05
0.0802557   8522.14
0.0804408   8495.28
0.0806263   8468.47
0.0808122   8441.71
0.0809985   8415
0.0811853   8388.35
0.0813725   8361.75
0.0815601   8335.2
0.0817482   8308.7
0.0819367   8282.25
0.0821256   8255.86
0.082315   8229.52
0.0825048   8203.24
0.082695   8177
0.0828857   8150.82
0.0830768   8124.69
0.0832684   8098.62
0.0834604   8072.59
0.0836528   8046.62
0.0838457   8020.71
0.084039   7994.84
0.0842328   7969.03
0.0844271   7943.28
0.0846217   7917.57
0.0848168   7891.92
0.0850124   7866.32
0.0852084   7840.78
0.0854049   7815.29
0.0856018   7789.85
0.0857992   7764.47
0.0859971   7739.14
0.0861954   7713.86
0.0863941   7688.63
0.0865933   7663.47
0.086793   7638.35
0.0869931   7613.29
0.0871937   7588.28
0.0873948   7563.32
0.0875963   7538.42
0.0877983   7513.57
0.0880007   7488.78
0.0882036   7464.04
0.088407   7439.36
0.0886108   7414.72
0.0888152   7390.15
0.08902   7365.62
0.0892252   7341.15
0.089431   7316.74
0.0896372   7292.37
0.0898439   7268.07
0.090051   7243.81
0.0902587   7219.61
0.0904668   7195.47
0.0906754   7171.38
0.0908845   7147.34
0.091094   7123.36
0.0913041   7099.43
0.0915146   7075.56
0.0917256   7051.74
0.0919371   7027.97
0.0921491   7004.26
0.0923616   6980.6
0.0925746   6957
0.092788   6933.45
0.093002   6909.96
0.0932164   6886.52
0.0934313   6863.13
0.0936468   6839.8
0.0938627   6816.52
0.0940791   6793.3
0.0942961   6770.13
0.0945135   6747.02
0.0947314   6723.96
0.0949499   6700.96
0.0951688   6678
0.0953882   6655.11
0.0956082   6632.27
0.0958287   6609.48
0.0960496   6586.75
0.0962711   6564.07
0.0964931   6541.44
0.0967156   6518.87
0.0969386   6496.36
0.0971621   6473.9
0.0973861   6451.49
0.0976107   6429.13
0.0978358   6406.84
0.0980614   6384.59
0.0982875   6362.4
0.0985141   6340.27
0.0987413   6318.18
0.0989689   6296.16
0.0991971   6274.18
0.0994259   6252.27
0.0996551   6230.4
0.0998849   6208.59
0.100115   6186.83
0.100346   6165.13
0.100577   6143.48
0.100809   6121.89
0.101042   6100.35
0.101275   6078.86
0.101508   6057.43
0.101742   6036.06
0.101977   6014.73
0.102212   5993.46
0.102448   5972.25
0.102684   5951.08
0.102921   5929.98
0.103158   5908.92
0.103396   5887.92
0.103634   5866.98
0.103873   5846.08
0.104113   5825.24
0.104353   5804.46
0.104594   5783.73
0.104835   5763.05
0.105076   5742.43
0.105319   5721.86
0.105562   5701.34
0.105805   5680.88
0.106049   5660.47
0.106293   5640.11
0.106539   5619.81
0.106784   5599.56
0.10703   5579.36
0.107277   5559.22
0.107525   5539.13
0.107773   5519.09
0.108021   5499.11
0.10827   5479.18
0.10852   5459.3
0.10877   5439.48
0.109021   5419.71
0.109272   5399.99
0.109524   5380.32
0.109777   5360.71
0.11003   5341.15
0.110284   5321.65
0.110538   5302.19
0.110793   5282.79
0.111048   5263.44
0.111304   5244.15
0.111561   5224.91
0.111818   5205.72
0.112076   5186.58
0.112334   5167.49
0.112593   5148.46
0.112853   5129.48
0.113113   5110.55
0.113374   5091.67
0.113635   5072.85
0.113897   5054.08
0.11416   5035.36
0.114423   5016.69
0.114687   4998.07
0.114952   4979.51
0.115217   4961
0.115482   4942.54
0.115749   4924.13
0.116016   4905.77
0.116283   4887.46
0.116551   4869.21
0.11682   4851.01
0.117089   4832.86
0.117359   4814.76
0.11763   4796.71
0.117901   4778.71
0.118173   4760.77
0.118445   4742.87
0.118719   4725.03
0.118992   4707.24
0.119267   4689.49
0.119542   4671.8
0.119817   4654.16
0.120094   4636.57
0.120371   4619.04
0.120648   4601.55
0.120926   4584.11
0.121205   4566.72
0.121485   4549.39
0.121765   4532.1
0.122045   4514.87
0.122327   4497.68
0.122609   4480.55
0.122892   4463.46
0.123175   4446.43
0.123459   4429.44
0.123744   4412.5
0.124029   4395.62
0.124315   4378.78
0.124602   4362
0.124889   4345.26
0.125177   4328.57
0.125466   4311.94
0.125755   4295.35
0.126045   4278.81
0.126335   4262.32
0.126627   4245.88
0.126919   4229.49
0.127211   4213.14
0.127505   4196.85
0.127799   4180.61
0.128093   4164.41
0.128389   4148.26
0.128685   4132.16
0.128982   4116.11
0.129279   4100.11
0.129577   4084.16
0.129876   4068.25
0.130175   4052.4
0.130475   4036.59
0.130776   4020.83
0.131078   4005.12
0.13138   3989.45
0.131683   3973.84
0.131987   3958.27
0.132291   3942.75
0.132596   3927.27
0.132902   3911.85
0.133208   3896.47
0.133515   3881.14
0.133823   3865.85
0.134132   3850.62
0.134441   3835.43
0.134751   3820.28
0.135062   3805.19
0.135373   3790.14
0.135685   3775.14
0.135998   3760.18
0.136312   3745.27
0.136626   3730.41
0.136941   3715.6
0.137257   3700.83
0.137573   3686.1
0.137891   3671.43
0.138209   3656.8
0.138527   3642.21
0.138847   3627.67
0.139167   3613.18
0.139488   3598.73
0.139809   3584.33
0.140132   3569.98
0.140455   3555.67
0.140779   3541.4
0.141103   3527.18
0.141429   3513.01
0.141755   3498.88
0.142082   3484.79
0.142409   3470.76
0.142738   3456.76
0.143067   3442.81
0.143397   3428.91
0.143727   3415.05
0.144059   3401.23
0.144391   3387.46
0.144724   3373.74
0.145058   3360.05
0.145392   3346.42
0.145727   3332.82
0.146063   3319.27
0.1464   3305.77
0.146738   3292.3
0.147076   3278.89
0.147415   3265.51
0.147755   3252.18
0.148096   3238.89
0.148437   3225.65
0.14878   3212.45
0.149123   3199.29
0.149466   3186.18
0.149811   3173.1
0.150156   3160.07
0.150503   3147.09
0.15085   3134.15
0.151198   3121.25
0.151546   3108.39
0.151896   3095.57
0.152246   3082.8
0.152597   3070.07
0.152949   3057.38
0.153301   3044.73
0.153655   3032.13
0.154009   3019.57
0.154364   3007.05
0.15472   2994.57
0.155077   2982.13
0.155435   2969.73
0.155793   2957.38
0.156152   2945.07
0.156512   2932.8
0.156873   2920.57
0.157235   2908.38
0.157598   2896.23
0.157961   2884.12
0.158325   2872.05
0.15869   2860.03
0.159056   2848.04
0.159423   2836.1
0.15979   2824.19
0.160159   2812.33
0.160528   2800.51
0.160898   2788.72
0.161269   2776.98
0.161641   2765.28
0.162014   2753.61
0.162388   2741.99
0.162762   2730.4
0.163137   2718.86
0.163513   2707.36
0.16389   2695.89
0.164268   2684.46
0.164647   2673.08
0.165027   2661.73
0.165407   2650.42
0.165789   2639.15
0.166171   2627.92
0.166554   2616.73
0.166938   2605.57
0.167323   2594.46
0.167709   2583.38
0.168096   2572.34
0.168483   2561.34
0.168872   2550.38
0.169261   2539.46
0.169651   2528.57
0.170043   2517.72
0.170435   2506.91
0.170828   2496.14
0.171222   2485.41
0.171616   2474.71
0.172012   2464.05
0.172409   2453.43
0.172806   2442.84
0.173205   2432.3
0.173604   2421.79
0.174004   2411.31
0.174406   2400.88
0.174808   2390.48
0.175211   2380.11
0.175615   2369.79
0.17602   2359.5
0.176426   2349.24
0.176832   2339.03
0.17724   2328.84
0.177649   2318.7
0.178058   2308.59
0.178469   2298.52
0.178881   2288.48
0.179293   2278.48
0.179706   2268.51
0.180121   2258.58
0.180536   2248.69
0.180952   2238.83
0.18137   2229.01
0.181788   2219.22
0.182207   2209.47
0.182627   2199.75
0.183048   2190.06
0.18347   2180.42
0.183893   2170.8
0.184317   2161.22
0.184742   2151.68
0.185168   2142.17
0.185595   2132.69
0.186023   2123.25
0.186452   2113.85
0.186882   2104.47
0.187313   2095.13
0.187745   2085.83
0.188178   2076.56
0.188612   2067.32
0.189047   2058.12
0.189483   2048.95
0.18992   2039.81
0.190357   2030.71
0.190796   2021.64
0.191236   2012.6
0.191677   2003.6
0.192119   1994.63
0.192562   1985.69
0.193006   1976.79
0.193451   1967.92
0.193897   1959.08
0.194344   1950.27
0.194793   1941.5
0.195242   1932.76
0.195692   1924.05
0.196143   1915.37
0.196595   1906.73
0.197049   1898.12
0.197503   1889.54
0.197958   1880.99
0.198415   1872.47
0.198872   1863.99
0.199331   1855.53
0.199791   1847.11
0.200251   1838.72
0.200713   1830.37
0.201176   1822.04
0.20164   1813.74
0.202105   1805.48
0.202571   1797.24
0.203038   1789.04
0.203506   1780.87
0.203975   1772.73
0.204446   1764.62
0.204917   1756.54
0.205389   1748.49
0.205863   1740.47
0.206338   1732.48
0.206814   1724.52
0.20729   1716.6
0.207768   1708.7
0.208247   1700.83
0.208728   1692.99
0.209209   1685.19
0.209691   1677.41
0.210175   1669.66
0.210659   1661.94
0.211145   1654.25
0.211632   1646.59
0.21212   1638.96
0.212609   1631.36
0.213099   1623.79
0.213591   1616.25
0.214083   1608.73
0.214577   1601.25
0.215072   1593.79
0.215568   1586.37
0.216065   1578.97
0.216563   1571.6
0.217062   1564.26
0.217563   1556.95
0.218064   1549.66
0.218567   1542.41
0.219071   1535.18
0.219576   1527.98
0.220083   1520.81
0.22059   1513.67
0.221099   1506.55
0.221608   1499.47
0.222119   1492.41
0.222632   1485.38
0.223145   1478.37
0.22366   1471.39
0.224175   1464.45
0.224692   1457.52
0.22521   1450.63
0.22573   1443.76
0.22625   1436.92
0.226772   1430.11
0.227295   1423.32
0.227819   1416.57
0.228344   1409.83
0.228871   1403.13
0.229398   1396.45
0.229927   1389.8
0.230457   1383.17
0.230989   1376.57
0.231521   1370
0.232055   1363.46
0.23259   1356.94
0.233127   1350.44
0.233664   1343.98
0.234203   1337.53
0.234743   1331.12
0.235284   1324.73
0.235827   1318.37
0.236371   1312.03
0.236916   1305.72
0.237462   1299.43
0.238009   1293.17
0.238558   1286.93
0.239108   1280.72
0.23966   1274.54
0.240212   1268.38
0.240766   1262.24
0.241321   1256.13
0.241878   1250.05
0.242435   1243.99
0.242994   1237.95
0.243555   1231.94
0.244116   1225.96
0.244679   1220
0.245243   1214.06
0.245809   1208.15
0.246376   1202.26
0.246944   1196.4
0.247513   1190.56
0.248084   1184.75
0.248656   1178.96
0.249229   1173.19
0.249804   1167.45
0.25038   1161.73
0.250957   1156.04
0.251536   1150.37
0.252116   1144.73
0.252697   1139.1
0.25328   1133.5
0.253864   1127.93
0.254449   1122.38
0.255036   1116.85
0.255624   1111.34
0.256214   1105.86
0.256804   1100.4
0.257397   1094.97
0.25799   1089.56
0.258585   1084.17
0.259181   1078.8
0.259779   1073.46
0.260378   1068.14
0.260978   1062.84
0.26158   1057.57
0.262183   1052.31
0.262788   1047.09
0.263394   1041.88
0.264001   1036.69
0.26461   1031.53
0.26522   1026.39
0.265831   1021.27
0.266444   1016.18
0.267059   1011.11
0.267674   1006.05
0.268292   1001.02
0.26891   996.017
0.26953   991.032
0.270152   986.068
0.270775   981.126
0.271399   976.206
0.272025   971.307
0.272652   966.43
0.273281   961.574
0.273911   956.74
0.274543   951.927
0.275176   947.136
0.27581   942.366
0.276446   937.616
0.277083   932.888
0.277722   928.182
0.278363   923.496
0.279005   918.831
0.279648   914.186
0.280293   909.563
0.280939   904.96
0.281587   900.378
0.282236   895.817
0.282887   891.276
0.283539   886.756
0.284193   882.256
0.284848   877.777
0.285505   873.318
0.286163   868.879
0.286823   864.46
0.287485   860.061
0.288148   855.683
0.288812   851.324
0.289478   846.986
0.290145   842.667
0.290814   838.368
0.291485   834.089
0.292157   829.83
0.292831   825.59
0.293506   821.37
0.294183   817.169
0.294861   812.988
0.295541   808.826
0.296222   804.683
0.296905   800.56
0.29759   796.456
0.298276   792.372
0.298964   788.306
0.299653   784.259
0.300344   780.231
0.301037   776.223
0.301731   772.233
0.302427   768.262
0.303124   764.309
0.303823   760.376
0.304524   756.461
0.305226   752.564
0.30593   748.686
0.306635   744.827
0.307342   740.985
0.308051   737.163
0.308761   733.358
0.309473   729.572
0.310187   725.803
0.310902   722.053
0.311619   718.321
0.312337   714.607
0.313057   710.911
0.313779   707.232
0.314503   703.572
0.315228   699.929
0.315955   696.304
0.316683   692.696
0.317414   689.106
0.318145   685.533
0.318879   681.978
0.319614   678.441
0.320351   674.92
0.32109   671.417
0.32183   667.931
0.322572   664.462
0.323316   661.01
0.324062   657.576
0.324809   654.158
0.325558   650.757
0.326309   647.373
0.327061   644.005
0.327815   640.655
0.328571   637.321
0.329329   634.003
0.330088   630.703
0.330849   627.418
0.331612   624.15
0.332377   620.899
0.333143   617.664
0.333911   614.445
0.334681   611.242
0.335453   608.055
0.336226   604.885
0.337002   601.73
0.337779   598.591
0.338557   595.468
0.339338   592.361
0.340121   589.27
0.340905   586.195
0.341691   583.135
0.342479   580.091
0.343268   577.062
0.34406   574.049
0.344853   571.051
0.345648   568.068
0.346445   565.101
0.347244   562.149
0.348045   559.212
0.348848   556.29
0.349652   553.384
0.350458   550.492
0.351266   547.615
0.352076   544.753
0.352888   541.906
0.353702   539.074
0.354517   536.256
0.355335   533.453
0.356154   530.665
0.356975   527.891
0.357798   525.131
0.358623   522.386
0.35945   519.655
0.360279   516.939
0.36111   514.236
0.361943   511.548
0.362777   508.874
0.363614   506.214
0.364452   503.568
0.365292   500.936
0.366135   498.318
0.366979   495.713
0.367825   493.122
0.368673   490.545
0.369523   487.982
0.370375   485.432
0.371229   482.895
0.372085   480.373
0.372943   477.863
0.373803   475.367
0.374665   472.884
0.375529   470.414
0.376395   467.957
0.377263   465.513
0.378133   463.083
0.379005   460.665
0.379879   458.261
0.380755   455.869
0.381633   453.49
0.382513   451.123
0.383395   448.77
0.384279   446.428
0.385165   444.1
0.386053   441.784
0.386943   439.48
0.387835   437.189
0.388729   434.91
0.389626   432.643
0.390524   430.389
0.391425   428.147
0.392327   425.916
0.393232   423.698
0.394139   421.492
0.395047   419.297
0.395958   417.115
0.396871   414.944
0.397786   412.785
0.398704   410.638
0.399623   408.502
0.400544   406.378
0.401468   404.265
0.402394   402.164
0.403322   400.074
0.404252   397.996
0.405184   395.929
0.406118   393.873
0.407054   391.828
0.407993   389.794
0.408934   387.772
0.409877   385.76
0.410822   383.759
0.411769   381.769
0.412718   379.79
0.41367   377.822
0.414624   375.864
0.41558   373.917
0.416538   371.981
0.417499   370.055
0.418461   368.14
0.419426   366.235
0.420393   364.341
0.421363   362.457
0.422334   360.583
0.423308   358.719
0.424284   356.865
0.425263   355.022
0.426243   353.189
0.427226   351.365
0.428211   349.552
0.429198   347.748
0.430188   345.955
0.43118   344.171
0.432174   342.397
0.433171   340.632
0.43417   338.877
0.435171   337.132
0.436174   335.396
0.43718   333.67
0.438188   331.953
0.439198   330.245
0.440211   328.547
0.441226   326.858
0.442243   325.178
0.443263   323.508
0.444285   321.846
0.44531   320.194
0.446337   318.55
0.447366   316.916
0.448397   315.29
0.449431   313.673
0.450467   312.065
0.451506   310.466
0.452547   308.876
0.453591   307.294
0.454637   305.721
0.455685   304.156
0.456736   302.6
0.457789   301.052
0.458844   299.513
0.459902   297.982
0.460963   296.459
0.462026   294.945
0.463091   293.439
0.464159   291.941
0.465229   290.451
0.466302   288.969
0.467377   287.495
0.468455   286.029
0.469535   284.571
0.470618   283.121
0.471703   281.679
0.47279   280.245
0.473881   278.818
0.474973   277.4
0.476068   275.988
0.477166   274.585
0.478266   273.189
0.479369   271.8
0.480475   270.419
0.481582   269.046
0.482693   267.68
0.483806   266.321
0.484921   264.969
0.48604   263.625
0.48716   262.288
0.488284   260.958
0.48941   259.636
0.490538   258.32
0.491669   257.012
0.492803   255.71
0.493939   254.416
0.495078   253.128
0.49622   251.847
0.497364   250.574
0.498511   249.307
0.49966   248.046
0.500812   246.793
0.501967   245.546
0.503124   244.306
0.504285   243.072
0.505447   241.845
0.506613   240.625
0.507781   239.411
0.508952   238.203
0.510125   237.002
0.511302   235.807
0.512481   234.619
0.513662   233.437
0.514847   232.261
0.516034   231.091
0.517224   229.928
0.518416   228.77
0.519612   227.619
0.52081   226.474
0.522011   225.335
0.523214   224.202
0.524421   223.075
0.52563   221.954
0.526842   220.839
0.528057   219.729
0.529274   218.626
0.530495   217.528
0.531718   216.436
0.532944   215.35
0.534173   214.27
0.535405   213.195
0.536639   212.126
0.537877   211.062
0.539117   210.004
0.54036   208.951
0.541606   207.904
0.542855   206.863
0.544107   205.826
0.545361   204.796
0.546619   203.77
0.547879   202.75
0.549142   201.736
0.550409   200.726
0.551678   199.722
0.55295   198.723
0.554225   197.729
0.555503   196.74
0.556784   195.757
0.558067   194.778
0.559354   193.805
0.560644   192.836
0.561937   191.873
0.563232   190.915
0.564531   189.961
0.565833   189.012
0.567138   188.069
0.568445   187.13
0.569756   186.196
0.57107   185.267
0.572387   184.342
0.573706   183.423
0.575029   182.508
0.576355   181.597
0.577684   180.692
0.579016   179.791
0.580351   178.894
0.581689   178.003
0.583031   177.115
0.584375   176.233
0.585723   175.354
0.587073   174.481
0.588427   173.611
0.589784   172.747
0.591144   171.886
0.592507   171.03
0.593873   170.178
0.595242   169.331
0.596615   168.488
0.59799   167.649
0.599369   166.814
0.600751   165.984
0.602136   165.158
0.603525   164.336
0.604916   163.518
0.606311   162.704
0.607709   161.895
0.609111   161.089
0.610515   160.288
0.611923   159.49
0.613334   158.697
0.614748   157.908
0.616166   157.122
0.617586   156.341
0.61901   155.563
0.620438   154.79
0.621868   154.02
0.623302   153.254
0.624739   152.492
0.62618   151.734
0.627624   150.979
0.629071   150.229
0.630522   149.482
0.631975   148.738
0.633433   147.999
0.634893   147.263
0.636357   146.531
0.637824   145.803
0.639295   145.078
0.640769   144.357
0.642247   143.639
0.643728   142.925
0.645212   142.214
0.6467   141.507
0.648191   140.804
0.649686   140.104
0.651184   139.408
0.652685   138.715
0.65419   138.025
0.655698   137.339
0.65721   136.656
0.658726   135.977
0.660245   135.301
0.661767   134.628
0.663293   133.959
0.664822   133.293
0.666355   132.63
0.667892   131.97
0.669432   131.314
0.670976   130.661
0.672523   130.012
0.674073   129.365
0.675628   128.722
0.677186   128.081
0.678747   127.444
0.680312   126.81
0.681881   126.18
0.683453   125.552
0.685029   124.927
0.686609   124.306
0.688192   123.687
0.689779   123.072
0.691369   122.46
0.692963   121.85
0.694561   121.244
0.696163   120.64
0.697768   120.04
0.699377   119.442
0.700989   118.848
0.702606   118.256
0.704226   117.667
0.70585   117.081
0.707477   116.498
0.709108   115.918
0.710744   115.341
0.712382   114.766
0.714025   114.195
0.715671   113.626
0.717322   113.06
0.718976   112.496
0.720633   111.936
0.722295   111.378
0.723961   110.823
0.72563   110.27
0.727303   109.72
0.72898   109.173
0.730661   108.629
0.732346   108.087
0.734034   107.548
0.735727   107.012
0.737423   106.478
0.739124   105.946
0.740828   105.418
0.742536   104.892
0.744248   104.368
0.745965   103.847
0.747685   103.329
0.749409   102.813
0.751137   102.299
0.752869   101.788
0.754605   101.28
0.756345   100.774
0.758089   100.27
0.759837   99.7692
0.761589   99.2705
0.763345   98.7743
0.765105   98.2805
0.766869   97.7891
0.768637   97.3
0.77041   96.8134
0.772186   96.3291
0.773967   95.8472
0.775751   95.3676
0.77754   94.8903
0.779333   94.4153
0.78113   93.9427
0.782931   93.4723
0.784736   93.0042
0.786546   92.5384
0.788359   92.0749
0.790177   91.6136
0.791999   91.1545
0.793825   90.6977
0.795656   90.2431
0.79749   89.7906
0.799329   89.3404
0.801172   88.8924
0.80302   88.4465
0.804871   88.0028
0.806727   87.5612
0.808587   87.1218
0.810452   86.6845
0.812321   86.2493
0.814194   85.8163
0.816071   85.3853
0.817953   84.9564
0.819839   84.5296
0.821729   84.1049
0.823624   83.6822
0.825523   83.2616
0.827427   82.843
0.829334   82.4264
0.831247   82.0119
0.833163   81.5993
0.835085   81.1888
0.83701   80.7803
0.83894   80.3737
0.840875   79.9691
0.842813   79.5664
0.844757   79.1658
0.846705   78.767
0.848657   78.3702
0.850614   77.9753
0.852575   77.5823
0.854541   77.1912
0.856511   76.8021
0.858486   76.4148
0.860466   76.0293
0.86245   75.6458
0.864439   75.2641
0.866432   74.8843
0.86843   74.5063
0.870432   74.1301
0.872439   73.7557
0.874451   73.3832
0.876467   73.0125
0.878488   72.6436
0.880514   72.2764
0.882544   71.9111
0.884579   71.5475
0.886619   71.1856
0.888663   70.8256
0.890712   70.4672
0.892766   70.1107
0.894825   69.7558
0.896888   69.4027
0.898956   69.0513
0.901029   68.7015
0.903106   68.3535
0.905189   68.0072
0.907276   67.6625
0.909368   67.3196
0.911465   66.9783
0.913567   66.6386
0.915673   66.3006
0.917784   65.9643
0.919901   65.6295
0.922022   65.2964
0.924148   64.9649
0.926279   64.6351
0.928415   64.3068
0.930555   63.9801
0.932701   63.6551
0.934852   63.3315
0.937007   63.0096
0.939168   62.6893
0.941333   62.3704
0.943504   62.0532
0.945679   61.7375
0.94786   61.4233
0.950046   61.1107
0.952236   60.7995
0.954432   60.4899
0.956633   60.1818
0.958838   59.8752
0.961049   59.5701
0.963265   59.2665
0.965486   58.9643
0.967713   58.6637
0.969944   58.3645
0.972181   58.0667
0.974422   57.7704
0.976669   57.4756
0.978921   57.1821
0.981178   56.8902
0.983441   56.5996
0.985708   56.3105
0.987981   56.0227
0.990259   55.7364
0.992543   55.4515
0.994831   55.168
0.997125   54.8858
0.999424   54.605
1.00173   54.3256
1.00404   54.0476
1.00635   53.7709
1.00867   53.4956
1.011   53.2216
1.01333   52.949
1.01567   52.6777
1.01801   52.4077
1.02036   52.139
1.02271   51.8717
1.02507   51.6057
1.02743   51.3409
1.0298   51.0775
1.03218   50.8154
1.03456   50.5545
1.03694   50.2949
1.03933   50.0366
1.04173   49.7796
1.04413   49.5238
1.04654   49.2693
1.04895   49.016
1.05137   48.764
1.05379   48.5132
1.05622   48.2636
1.05866   48.0153
1.0611   47.7681
1.06355   47.5222
1.066   47.2775
1.06846   47.034
1.07092   46.7917
1.07339   46.5506
1.07587   46.3107
1.07835   46.072
1.08083   45.8344
1.08332   45.598
1.08582   45.3628
1.08833   45.1287
1.09084   44.8958
1.09335   44.664
1.09587   44.4334
1.0984   44.2039
1.10093   43.9755
1.10347   43.7483
1.10601   43.5221
1.10857   43.2971
1.11112   43.0732
1.11368   42.8505
1.11625   42.6288
1.11883   42.4082
1.1214   42.1887
1.12399   41.9702
1.12658   41.7529
1.12918   41.5366
1.13178   41.3214
1.13439   41.1073
1.13701   40.8942
1.13963   40.6822
1.14226   40.4712
1.14489   40.2613
1.14753   40.0524
1.15018   39.8446
1.15283   39.6377
1.15549   39.4319
1.15815   39.2271
1.16082   39.0234
1.1635   38.8206
1.16618   38.6189
1.16887   38.4181
1.17157   38.2184
1.17427   38.0196
1.17698   37.8218
1.17969   37.6251
1.18241   37.4292
1.18514   37.2344
1.18787   37.0405
1.19061   36.8476
1.19335   36.6557
1.19611   36.4647
1.19886   36.2746
1.20163   36.0855
1.2044   35.8974
1.20718   35.7102
1.20996   35.5239
1.21275   35.3385
1.21555   35.1541
1.21835   34.9705
1.22116   34.7879
1.22397   34.6063
1.2268   34.4255
1.22962   34.2456
1.23246   34.0666
1.2353   33.8885
1.23815   33.7113
1.241   33.535
1.24387   33.3595
1.24673   33.185
1.24961   33.0113
1.25249   32.8385
1.25538   32.6665
1.25827   32.4954
1.26117   32.3252
1.26408   32.1558
1.267   31.9873
1.26992   31.8196
1.27285   31.6527
1.27578   31.4867
1.27872   31.3215
1.28167   31.1572
1.28463   30.9936
1.28759   30.8309
1.29056   30.669
1.29353   30.5079
1.29652   30.3477
1.29951   30.1882
1.3025   30.0295
1.30551   29.8716
1.30852   29.7146
1.31153   29.5583
1.31456   29.4028
1.31759   29.248
1.32063   29.0941
1.32367   28.9409
1.32672   28.7885
1.32978   28.6369
1.33285   28.486
1.33592   28.3359
1.339   28.1866
1.34209   28.038
1.34519   27.8901
1.34829   27.743
1.3514   27.5967
1.35451   27.4511
1.35764   27.3062
1.36077   27.162
1.3639   27.0186
1.36705   26.8759
1.3702   26.7339
1.37336   26.5926
1.37653   26.4521
1.3797   26.3123
1.38288   26.1731
1.38607   26.0347
1.38927   25.897
1.39247   25.7599
1.39568   25.6236
1.3989   25.488
1.40212   25.353
1.40536   25.2187
1.4086   25.0851
1.41185   24.9522
1.4151   24.82
1.41836   24.6884
1.42164   24.5575
1.42491   24.4273
1.4282   24.2977
1.43149   24.1688
1.43479   24.0405
1.4381   23.9129
1.44142   23.7859
1.44474   23.6596
1.44807   23.5339
1.45141   23.4089
1.45476   23.2845
1.45811   23.1607
1.46147   23.0376
1.46484   22.9151
1.46822   22.7932
1.47161   22.672
1.475   22.5513
1.4784   22.4313
1.48181   22.3119
1.48523   22.1931
1.48865   22.0749
1.49208   21.9573
1.49553   21.8403
1.49897   21.7239
1.50243   21.6081
1.50589   21.4928
1.50937   21.3782
1.51285   21.2642
1.51634   21.1507
1.51983   21.0378
1.52334   20.9256
1.52685   20.8138
1.53037   20.7027
1.5339   20.5921
1.53743   20.4821
1.54098   20.3726
1.54453   20.2637
1.54809   20.1554
1.55166   20.0476
1.55524   19.9404
1.55883   19.8337
1.56242   19.7276
1.56603   19.622
1.56964   19.517
1.57326   19.4125
1.57688   19.3085
1.58052   19.2051
1.58416   19.1022
1.58782   18.9998
1.59148   18.898
1.59515   18.7967
1.59883   18.6959
1.60251   18.5956
1.60621   18.4958
1.60991   18.3966
1.61362   18.2979
1.61734   18.1996
1.62107   18.1019
1.62481   18.0047
1.62856   17.908
1.63231   17.8118
1.63608   17.716
1.63985   17.6208
1.64363   17.5261
1.64742   17.4318
1.65122   17.3381
1.65503   17.2448
1.65884   17.152
1.66267   17.0597
1.6665   16.9679
1.67034   16.8765
1.67419   16.7856
1.67806   16.6952
1.68192   16.6052
1.6858   16.5158
1.68969   16.4267
1.69359   16.3382
1.69749   16.2501
1.7014   16.1624
1.70533   16.0752
1.70926   15.9885
1.7132   15.9022
1.71715   15.8164
1.72111   15.731
1.72508   15.646
1.72906   15.5615
1.73304   15.4775
1.73704   15.3938
1.74105   15.3106
1.74506   15.2279
1.74908   15.1455
1.75312   15.0636
1.75716   14.9821
1.76121   14.9011
1.76527   14.8204
1.76934   14.7402
1.77342   14.6604
1.77751   14.581
1.78161   14.5021
1.78572   14.4235
1.78984   14.3454
1.79396   14.2676
1.7981   14.1903
1.80225   14.1133
1.8064   14.0368
1.81057   13.9607
1.81474   13.8849
1.81893   13.8096
1.82312   13.7347
1.82732   13.6601
1.83154   13.5859
1.83576   13.5122
1.83999   13.4388
1.84424   13.3658
1.84849   13.2932
1.85275   13.2209
1.85702   13.149
1.8613   13.0776
1.8656   13.0064
1.8699   12.9357
1.87421   12.8653
1.87853   12.7953
1.88286   12.7257
1.8872   12.6564
1.89156   12.5875
1.89592   12.519
1.90029   12.4508
1.90467   12.3829
1.90906   12.3155
1.91346   12.2483
1.91788   12.1816
1.9223   12.1152
1.92673   12.0491
1.93117   11.9834
1.93563   11.918
1.94009   11.853
1.94456   11.7883
1.94905   11.7239
1.95354   11.6599
1.95805   11.5963
1.96256   11.5329
1.96709   11.4699
1.97162   11.4072
1.97617   11.3449
1.98073   11.2829
1.98529   11.2212
1.98987   11.1598
1.99446   11.0988
1.99906   11.0381
2.00367   10.9777
2.00829   10.9176
2.01292   10.8579
2.01756   10.7984
2.02221   10.7393
2.02687   10.6805
2.03155   10.622
2.03623   10.5638
2.04093   10.5059
2.04563   10.4483
2.05035   10.391
2.05508   10.3341
2.05982   10.2774
2.06457   10.221
2.06933   10.1649
2.0741   10.1092
2.07888   10.0537
2.08367   9.99849
2.08848   9.94359
2.09329   9.88899
2.09812   9.83468
2.10296   9.78065
2.10781   9.72691
2.11267   9.67345
2.11754   9.62028
2.12242   9.56739
2.12732   9.51479
2.13222   9.46246
2.13714   9.41041
2.14207   9.35863
2.147   9.30713
2.15196   9.25591
2.15692   9.20496
2.16189   9.15428
2.16688   9.10386
2.17187   9.05372
2.17688   9.00384
2.1819   8.95423
2.18693   8.90489
2.19197   8.8558
2.19703   8.80698
2.20209   8.75842
2.20717   8.71011
2.21226   8.66207
2.21736   8.61428
2.22247   8.56674
2.2276   8.51946
2.23274   8.47243
2.23788   8.42566
2.24304   8.37913
2.24822   8.33285
2.2534   8.28682
2.2586   8.24103
2.2638   8.19549
2.26902   8.15019
2.27426   8.10513
2.2795   8.06032
2.28476   8.01574
2.29002   7.97141
2.2953   7.92731
2.3006   7.88344
2.3059   7.83981
2.31122   7.79642
2.31655   7.75326
2.32189   7.71033
2.32724   7.66762
2.33261   7.62515
2.33799   7.58291
2.34338   7.54089
2.34878   7.4991
2.3542   7.45753
2.35963   7.41618
2.36507   7.37506
2.37052   7.33415
2.37599   7.29347
2.38147   7.25301
2.38696   7.21276
2.39246   7.17273
2.39798   7.13291
2.40351   7.09331
2.40905   7.05392
2.4146   7.01474
2.42017   6.97578
2.42575   6.93702
2.43134   6.89847
2.43695   6.86013
2.44257   6.822
2.4482   6.78407
2.45385   6.74634
2.45951   6.70882
2.46518   6.6715
2.47086   6.63438
2.47656   6.59747
2.48227   6.56075
2.48799   6.52423
2.49373   6.4879
2.49948   6.45177
2.50524   6.41584
2.51102   6.3801
2.51681   6.34456
2.52261   6.3092
2.52843   6.27404
2.53426   6.23906
2.5401   6.20428
2.54596   6.16968
2.55183   6.13528
2.55771   6.10105
2.56361   6.06701
2.56952   6.03316
2.57545   5.99949
2.58139   5.966
2.58734   5.93269
2.5933   5.89957
2.59928   5.86662
2.60528   5.83385
2.61128   5.80126
2.61731   5.76885
2.62334   5.73661
2.62939   5.70454
2.63545   5.67265
2.64153   5.64093
2.64762   5.60939
2.65373   5.57801
2.65984   5.54681
2.66598   5.51578
2.67212   5.48491
2.67829   5.45421
2.68446   5.42368
2.69065   5.39331
2.69686   5.36311
2.70307   5.33308
2.70931   5.3032
2.71555   5.27349
2.72182   5.24394
2.72809   5.21455
2.73438   5.18532
2.74069   5.15625
2.74701   5.12734
2.75334   5.09859
2.75969   5.06999
2.76605   5.04155
2.77243   5.01326
2.77882   4.98513
2.78523   4.95715
2.79165   4.92932
2.79809   4.90165
2.80454   4.87412
2.81101   4.84675
2.81749   4.81952
2.82399   4.79245
2.8305   4.76552
2.83703   4.73874
2.84357   4.7121
2.85012   4.68561
2.8567   4.65927
2.86328   4.63307
2.86988   4.60701
2.8765   4.58109
2.88313   4.55532
2.88978   4.52969
2.89645   4.50419
2.90312   4.47884
2.90982   4.45362
2.91653   4.42855
2.92325   4.40361
2.92999   4.3788
2.93675   4.35414
2.94352   4.3296
2.95031   4.30521
2.95711   4.28094
2.96393   4.25681
2.97076   4.23281
2.97761   4.20894
2.98448   4.18521
2.99136   4.1616
2.99826   4.13812
3.00517   4.11478
3.0121   4.09156
3.01905   4.06846
3.02601   4.0455
3.03299   4.02266
3.03998   3.99994
3.04699   3.97735
3.05402   3.95489
3.06106   3.93255
3.06812   3.91033
3.07519   3.88823
3.08228   3.86625
3.08939   3.8444
3.09651   3.82266
3.10365   3.80105
3.11081   3.77955
3.11798   3.75817
3.12517   3.73691
3.13238   3.71577
3.1396   3.69474
3.14684   3.67383
3.15409   3.65304
3.16137   3.63236
3.16866   3.61179
3.17596   3.59134
3.18329   3.57099
3.19063   3.55076
3.19798   3.53065
3.20536   3.51064
3.21275   3.49074
3.22016   3.47096
3.22758   3.45128
3.23502   3.43171
3.24248   3.41225
3.24996   3.3929
3.25745   3.37365
3.26496   3.35451
3.27249   3.33548
3.28004   3.31655
3.2876   3.29772
3.29518   3.279
3.30278   3.26039
3.3104   3.24187
3.31803   3.22346
3.32568   3.20515
3.33335   3.18694
3.34103   3.16884
3.34874   3.15083
3.35646   3.13292
3.3642   3.11511
3.37196   3.0974
3.37973   3.07979
3.38752   3.06228
3.39534   3.04486
3.40316   3.02754
3.41101   3.01032
3.41888   2.99319
3.42676   2.97615
3.43466   2.95921
3.44258   2.94237
3.45052   2.92562
3.45848   2.90896
3.46645   2.89239
3.47444   2.87591
3.48245   2.85953
3.49048   2.84324
3.49853   2.82704
3.5066   2.81093
3.51469   2.7949
3.52279   2.77897
3.53091   2.76312
3.53905   2.74737
3.54721   2.7317
3.55539   2.71612
3.56359   2.70062
3.57181   2.68521
3.58004   2.66989
3.5883   2.65465
3.59657   2.6395
3.60487   2.62443
3.61318   2.60944
3.62151   2.59454
3.62986   2.57973
3.63823   2.56499
3.64662   2.55034
3.65503   2.53576
3.66346   2.52127
3.6719   2.50686
3.68037   2.49253
3.68886   2.47828
3.69736   2.46411
3.70589   2.45002
3.71443   2.43601
3.723   2.42207
3.73158   2.40822
3.74019   2.39444
3.74881   2.38074
3.75745   2.36711
3.76612   2.35356
3.7748   2.34009
3.78351   2.32669
3.79223   2.31336
3.80097   2.30011
3.80974   2.28694
3.81852   2.27384
3.82733   2.26081
3.83615   2.24785
3.845   2.23497
3.85386   2.22216
3.86275   2.20942
3.87166   2.19675
3.88059   2.18415
3.88953   2.17163
3.8985   2.15917
3.90749   2.14679
3.9165   2.13447
3.92553   2.12222
3.93458   2.11004
3.94366   2.09793
3.95275   2.08589
3.96186   2.07391
3.971   2.062
3.98015   2.05016
3.98933   2.03838
3.99853   2.02667
4.00775   2.01503
4.01699   2.00345
4.02625   1.99194
4.03554   1.98049
4.04484   1.96911
4.05417   1.95779
4.06352   1.94653
4.07289   1.93533
4.08228   1.9242
4.09169   1.91314
4.10113   1.90213
4.11058   1.89119
4.12006   1.8803
4.12956   1.86948
4.13908   1.85872
4.14863   1.84802
4.15819   1.83738
4.16778   1.8268
4.17739   1.81628
4.18702   1.80582
4.19668   1.79542
4.20636   1.78507
4.21605   1.77479
4.22578   1.76456
4.23552   1.75439
4.24529   1.74428
4.25508   1.73422
4.26489   1.72422
4.27472   1.71428
4.28458   1.70439
4.29446   1.69456
4.30436   1.68479
4.31428   1.67507
4.32423   1.6654
4.3342   1.65579
4.3442   1.64623
4.35421   1.63673
4.36425   1.62728
4.37432   1.61789
4.3844   1.60854
4.39451   1.59925
4.40465   1.59002
4.4148   1.58083
4.42498   1.5717
4.43518   1.56262
4.44541   1.55359
4.45566   1.54461
4.46594   1.53568
4.47623   1.5268
4.48655   1.51797
4.4969   1.50919
4.50727   1.50047
4.51766   1.49179
4.52808   1.48316
4.53852   1.47458
4.54898   1.46604
4.55947   1.45756
4.56999   1.44912
4.58052   1.44074
4.59109   1.4324
4.60167   1.4241
4.61228   1.41586
4.62292   1.40766
4.63358   1.3995
4.64426   1.3914
4.65497   1.38333
4.6657   1.37532
4.67646   1.36735
4.68725   1.35943
4.69805   1.35155
4.70889   1.34371
4.71974   1.33592
4.73063   1.32817
4.74154   1.32047
4.75247   1.31281
4.76343   1.3052
4.77441   1.29763
4.78542   1.2901
4.79645   1.28261
4.80751   1.27517
4.8186   1.26777
4.82971   1.26041
4.84085   1.25309
4.85201   1.24581
4.8632   1.23858
4.87441   1.23139
4.88565   1.22423
4.89691   1.21712
4.90821   1.21005
4.91952   1.20302
4.93087   1.19603
4.94224   1.18908
4.95363   1.18217
4.96505   1.17529
4.9765   1.16846
4.98798   1.16167
4.99948   1.15491
5.01101   1.14819
5.02256   1.14152
5.03414   1.13488
5.04575   1.12827
5.05738   1.12171
5.06905   1.11518
5.08073   1.10869
5.09245   1.10224
5.10419   1.09582
5.11596   1.08944
5.12776   1.0831
5.13958   1.07679
5.15143   1.07052
5.16331   1.06428
5.17522   1.05808
5.18715   1.05192
5.19911   1.04579
5.2111   1.03969
5.22311   1.03363
5.23516   1.02761
5.24723   1.02162
5.25933   1.01566
5.27145   1.00974
5.28361   1.00385
5.29579   0.997995
5.308   0.992174
5.32024   0.986386
5.33251   0.980631
5.34481   0.974909
5.35713   0.969219
5.36948   0.963563
5.38186   0.957938
5.39427   0.952346
5.40671   0.946786
5.41918   0.941258
5.43167   0.935761
5.4442   0.930296
5.45675   0.924862
5.46933   0.919459
5.48195   0.914087
5.49459   0.908746
5.50726   0.903436
5.51995   0.898156
5.53268   0.892906
5.54544   0.887686
5.55823   0.882496
5.57104   0.877336
5.58389   0.872206
5.59676   0.867105
5.60967   0.862033
5.6226   0.856991
5.63557   0.851977
5.64856   0.846992
5.66159   0.842036
5.67464   0.837108
5.68773   0.832209
5.70084   0.827337
5.71399   0.822494
5.72716   0.817678
5.74037   0.812891
5.7536   0.80813
5.76687   0.803397
5.78017   0.798691
5.7935   0.794012
5.80686   0.789361
5.82024   0.784735
5.83366   0.780137
5.84712   0.775565
5.8606   0.771019
5.87411   0.766499
5.88766   0.762006
5.90123   0.757538
5.91484   0.753096
5.92848   0.748679
5.94215   0.744288
5.95585   0.739922
5.96958   0.735581
5.98335   0.731266
5.99714   0.726975
6.01097   0.722709
6.02483   0.718467
6.03872   0.71425
6.05265   0.710057
6.06661   0.705889
6.08059   0.701744
6.09461   0.697623
6.10867   0.693526
6.12275   0.689453
6.13687   0.685403
6.15102   0.681377
6.1652   0.677373
6.17942   0.673393
6.19367   0.669436
6.20795   0.665502
6.22226   0.66159
6.23661   0.657701
6.25099   0.653834
6.26541   0.64999
6.27985   0.646168
6.29433   0.642368
6.30885   0.63859
6.32339   0.634833
6.33797   0.631099
6.35259   0.627386
6.36724   0.623694
6.38192   0.620024
6.39663   0.616375
6.41138   0.612747
6.42617   0.60914
6.44098   0.605554
6.45584   0.601989
6.47072   0.598444
6.48564   0.59492
6.5006   0.591416
6.51559   0.587933
6.53061   0.584469
6.54567   0.581026
6.56076   0.577603
6.57589   0.574199
6.59105   0.570815
6.60625   0.567451
6.62148   0.564106
6.63675   0.560781
6.65205   0.557475
6.66739   0.554188
6.68277   0.55092
6.69817   0.547671
6.71362   0.544441
6.7291   0.541229
6.74462   0.538036
6.76017   0.534862
6.77576   0.531706
6.79138   0.528568
6.80704   0.525449
6.82273   0.522348
6.83847   0.519264
6.85423   0.516199
6.87004   0.513151
6.88588   0.510121
6.90176   0.507109
6.91767   0.504114
6.93362   0.501137
6.94961   0.498176
6.96564   0.495233
6.9817   0.492307
6.9978   0.489399
7.01393   0.486506
7.0301   0.483631
7.04631   0.480773
7.06256   0.477931
7.07885   0.475105
7.09517   0.472296
7.11153   0.469504
7.12793   0.466727
7.14436   0.463967
7.16084   0.461223
7.17735   0.458495
7.1939   0.455782
7.21049   0.453086
7.22711   0.450405
7.24378   0.44774
7.26048   0.44509
7.27722   0.442455
7.294   0.439836
7.31082   0.437233
7.32768   0.434644
7.34457   0.43207
7.36151   0.429512
7.37848   0.426968
7.39549   0.424439
7.41255   0.421925
7.42964   0.419426
7.44677   0.416941
7.46394   0.41447
7.48115   0.412014
7.4984   0.409573
7.51569   0.407145
7.53302   0.404732
7.55039   0.402333
7.5678   0.399948
7.58525   0.397576
7.60274   0.395219
7.62027   0.392875
7.63784   0.390545
7.65545   0.388228
7.67311   0.385926
7.6908   0.383636
7.70853   0.38136
7.72631   0.379097
7.74412   0.376847
7.76198   0.374611
7.77988   0.372387
7.79782   0.370177
7.8158   0.367979
7.83382   0.365795
7.85188   0.363623
7.86999   0.361464
7.88813   0.359317
7.90632   0.357183
7.92455   0.355061
7.94282   0.352952
7.96114   0.350855
7.9795   0.348771
7.9979   0.346698
8.01634   0.344638
8.03482   0.34259
8.05335   0.340553
8.07192   0.338529
8.09053   0.336517
8.10919   0.334516
8.12788   0.332527
8.14663   0.33055
8.16541   0.328584
8.18424   0.32663
8.20311   0.324687
8.22202   0.322755
8.24098   0.320835
8.25998   0.318926
8.27903   0.317028
8.29812   0.315142
8.31725   0.313266
8.33643   0.311402
8.35565   0.309548
8.37492   0.307705
8.39423   0.305873
8.41359   0.304052
8.43299   0.302242
8.45243   0.300442
8.47192   0.298652
8.49146   0.296874
8.51104   0.295105
8.53066   0.293347
8.55033   0.291599
8.57005   0.289862
8.58981   0.288135
8.60962   0.286417
8.62947   0.28471
8.64937   0.283013
8.66931   0.281326
8.6893   0.279649
8.70934   0.277982
8.72942   0.276324
8.74955   0.274676
8.76972   0.273038
8.78994   0.27141
8.81021   0.269791
8.83052   0.268181
8.85089   0.266581
8.87129   0.264991
8.89175   0.26341
8.91225   0.261838
8.9328   0.260275
8.9534   0.258722
8.97405   0.257177
8.99474   0.255642
9.01548   0.254116
9.03627   0.252598
9.0571   0.25109
9.07799   0.249591
9.09892   0.2481
9.1199   0.246618
9.14093   0.245145
9.162   0.243681
9.18313   0.242225
9.2043   0.240777
9.22553   0.239339
9.2468   0.237908
9.26812   0.236487
9.28949   0.235073
9.31091   0.233668
9.33238   0.232271
9.3539   0.230882
9.37547   0.229502
9.39709   0.22813
9.41875   0.226765
9.44047   0.225409
9.46224   0.224061
9.48406   0.222721
9.50593   0.221388
9.52785   0.220064
9.54982   0.218747
9.57184   0.217438
9.59391   0.216137
9.61603   0.214844
9.6382   0.213558
9.66043   0.212279
9.6827   0.211009
9.70503   0.209745
9.72741   0.20849
9.74983   0.207241
9.77232   0.206
9.79485   0.204766
9.81743   0.20354
9.84007   0.202321
9.86276   0.201109
9.8855   0.199904
9.9083   0.198706
9.93114   0.197516
9.95404   0.196332
9.97699   0.195156
10   0.193986
