# k[h/Mpc]   P(k)[(Mpc/h)^3]
0.001   5.90025e+06
0.00100231   5.91266e+06
0.00100462   5.9251e+06
0.00100693   5.93756e+06
0.00100926   5.95004e+06
0.00101158   5.96255e+06
0.00101391   5.97508e+06
0.00101625   5.98763e+06
0.0010186   6.00021e+06
0.00102094   6.01281e+06
0.0010233   6.02544e+06
0.00102566   6.03809e+06
0.00102802   6.05076e+06
0.00103039   6.06346e+06
0.00103277   6.07618e+06
0.00103515   6.08892e+06
0.00103754   6.10169e+06
0.00103993   6.11448e+06
0.00104233   6.1273e+06
0.00104473   6.14014e+06
0.00104714   6.153e+06
0.00104956   6.16589e+06
0.00105198   6.1788e+06
0.0010544   6.19174e+06
0.00105683   6.2047e+06
0.00105927   6.21768e+06
0.00106171   6.23069e+06
0.00106416   6.24372e+06
0.00106661   6.25678e+06
0.00106907   6.26986e+06
0.00107154   6.28297e+06
0.00107401   6.2961e+06
0.00107649   6.30925e+06
0.00107897   6.32243e+06
0.00108146   6.33564e+06
0.00108395   6.34886e+06
0.00108645   6.36212e+06
0.00108895   6.37539e+06
0.00109146   6.38869e+06
0.00109398   6.40202e+06
0.0010965   6.41537e+06
0.00109903   6.42875e+06
0.00110157   6.44215e+06
0.00110411   6.45557e+06
0.00110665   6.46902e+06
0.0011092   6.48249e+06
0.00111176   6.49599e+06
0.00111432   6.50952e+06
0.00111689   6.52306e+06
0.00111947   6.53664e+06
0.00112205   6.55024e+06
0.00112464   6.56386e+06
0.00112723   6.57751e+06
0.00112983   6.59118e+06
0.00113244   6.60488e+06
0.00113505   6.6186e+06
0.00113766   6.63235e+06
0.00114029   6.64612e+06
0.00114292   6.65992e+06
0.00114555   6.67374e+06
0.00114819   6.68759e+06
0.00115084   6.70146e+06
0.00115349   6.71536e+06
0.00115615   6.72929e+06
0.00115882   6.74324e+06
0.00116149   6.75721e+06
0.00116417   6.77121e+06
0.00116685   6.78524e+06
0.00116955   6.79929e+06
0.00117224   6.81336e+06
0.00117494   6.82746e+06
0.00117765   6.84159e+06
0.00118037   6.85574e+06
0.00118309   6.86992e+06
0.00118582   6.88412e+06
0.00118855   6.89835e+06
0.00119129   6.9126e+06
0.00119404   6.92688e+06
0.00119679   6.94119e+06
0.00119955   6.95552e+06
0.00120232   6.96988e+06
0.00120509   6.98426e+06
0.00120787   6.99867e+06
0.00121066   7.0131e+06
0.00121345   7.02756e+06
0.00121625   7.04205e+06
0.00121905   7.05656e+06
0.00122186   7.07109e+06
0.00122468   7.08566e+06
0.0012275   7.10025e+06
0.00123033   7.11486e+06
0.00123317   7.1295e+06
0.00123601   7.14417e+06
0.00123886   7.15886e+06
0.00124172   7.17358e+06
0.00124458   7.18832e+06
0.00124745   7.20309e+06
0.00125033   7.21789e+06
0.00125321   7.23271e+06
0.0012561   7.24756e+06
0.001259   7.26244e+06
0.0012619   7.27734e+06
0.00126481   7.29227e+06
0.00126773   7.30722e+06
0.00127065   7.3222e+06
0.00127358   7.33721e+06
0.00127652   7.35224e+06
0.00127946   7.3673e+06
0.00128241   7.38238e+06
0.00128537   7.39749e+06
0.00128833   7.41263e+06
0.0012913   7.4278e+06
0.00129428   7.44299e+06
0.00129726   7.4582e+06
0.00130025   7.47345e+06
0.00130325   7.48872e+06
0.00130626   7.50401e+06
0.00130927   7.51934e+06
0.00131229   7.53469e+06
0.00131531   7.55006e+06
0.00131835   7.56547e+06
0.00132139   7.5809e+06
0.00132443   7.59635e+06
0.00132749   7.61183e+06
0.00133055   7.62734e+06
0.00133362   7.64288e+06
0.00133669   7.65844e+06
0.00133977   7.67403e+06
0.00134286   7.68965e+06
0.00134596   7.70529e+06
0.00134906   7.72096e+06
0.00135217   7.73666e+06
0.00135529   7.75238e+06
0.00135842   7.76813e+06
0.00136155   7.78391e+06
0.00136469   7.79971e+06
0.00136784   7.81554e+06
0.00137099   7.8314e+06
0.00137415   7.84729e+06
0.00137732   7.8632e+06
0.0013805   7.87914e+06
0.00138368   7.8951e+06
0.00138687   7.9111e+06
0.00139007   7.92711e+06
0.00139327   7.94316e+06
0.00139648   7.95924e+06
0.0013997   7.97534e+06
0.00140293   7.99147e+06
0.00140617   8.00762e+06
0.00140941   8.0238e+06
0.00141266   8.04001e+06
0.00141592   8.05625e+06
0.00141918   8.07251e+06
0.00142245   8.0888e+06
0.00142573   8.10512e+06
0.00142902   8.12147e+06
0.00143232   8.13784e+06
0.00143562   8.15424e+06
0.00143893   8.17067e+06
0.00144225   8.18712e+06
0.00144557   8.20361e+06
0.00144891   8.22012e+06
0.00145225   8.23665e+06
0.0014556   8.25322e+06
0.00145895   8.26981e+06
0.00146232   8.28643e+06
0.00146569   8.30307e+06
0.00146907   8.31975e+06
0.00147245   8.33645e+06
0.00147585   8.35318e+06
0.00147925   8.36993e+06
0.00148266   8.38672e+06
0.00148608   8.40353e+06
0.00148951   8.42037e+06
0.00149294   8.43723e+06
0.00149639   8.45413e+06
0.00149984   8.47105e+06
0.0015033   8.488e+06
0.00150676   8.50498e+06
0.00151024   8.52198e+06
0.00151372   8.53901e+06
0.00151721   8.55607e+06
0.00152071   8.57316e+06
0.00152421   8.59027e+06
0.00152773   8.60741e+06
0.00153125   8.62458e+06
0.00153478   8.64178e+06
0.00153832   8.65901e+06
0.00154187   8.67626e+06
0.00154542   8.69354e+06
0.00154899   8.71085e+06
0.00155256   8.72819e+06
0.00155614   8.74555e+06
0.00155973   8.76294e+06
0.00156332   8.78036e+06
0.00156693   8.79781e+06
0.00157054   8.81528e+06
0.00157416   8.83279e+06
0.00157779   8.85032e+06
0.00158143   8.86788e+06
0.00158508   8.88546e+06
0.00158873   8.90308e+06
0.00159239   8.92072e+06
0.00159607   8.93839e+06
0.00159975   8.95609e+06
0.00160343   8.97381e+06
0.00160713   8.99157e+06
0.00161084   9.00935e+06
0.00161455   9.02716e+06
0.00161827   9.04499e+06
0.00162201   9.06286e+06
0.00162575   9.08075e+06
0.00162949   9.09867e+06
0.00163325   9.11662e+06
0.00163702   9.1346e+06
0.00164079   9.1526e+06
0.00164458   9.17063e+06
0.00164837   9.18869e+06
0.00165217   9.20678e+06
0.00165598   9.2249e+06
0.0016598   9.24304e+06
0.00166362   9.26122e+06
0.00166746   9.27942e+06
0.00167131   9.29765e+06
0.00167516   9.3159e+06
0.00167902   9.33419e+06
0.00168289   9.3525e+06
0.00168677   9.37084e+06
0.00169066   9.38921e+06
0.00169456   9.4076e+06
0.00169847   9.42603e+06
0.00170238   9.44448e+06
0.00170631   9.46296e+06
0.00171024   9.48147e+06
0.00171419   9.5e+06
0.00171814   9.51857e+06
0.0017221   9.53716e+06
0.00172607   9.55578e+06
0.00173005   9.57443e+06
0.00173404   9.59311e+06
0.00173804   9.61181e+06
0.00174205   9.63054e+06
0.00174607   9.6493e+06
0.00175009   9.66809e+06
0.00175413   9.68691e+06
0.00175817   9.70575e+06
0.00176223   9.72462e+06
0.00176629   9.74353e+06
0.00177036   9.76245e+06
0.00177444   9.78141e+06
0.00177854   9.80039e+06
0.00178264   9.81941e+06
0.00178675   9.83845e+06
0.00179087   9.85752e+06
0.001795   9.87661e+06
0.00179914   9.89574e+06
0.00180328   9.91489e+06
0.00180744   9.93407e+06
0.00181161   9.95328e+06
0.00181579   9.97252e+06
0.00181997   9.99178e+06
0.00182417   1.00111e+07
0.00182838   1.00304e+07
0.00183259   1.00497e+07
0.00183682   1.00691e+07
0.00184105   1.00885e+07
0.0018453   1.0108e+07
0.00184955   1.01274e+07
0.00185382   1.01469e+07
0.00185809   1.01664e+07
0.00186238   1.0186e+07
0.00186667   1.02055e+07
0.00187098   1.02251e+07
0.00187529   1.02448e+07
0.00187961   1.02644e+07
0.00188395   1.02841e+07
0.00188829   1.03038e+07
0.00189265   1.03236e+07
0.00189701   1.03433e+07
0.00190138   1.03631e+07
0.00190577   1.03829e+07
0.00191016   1.04028e+07
0.00191457   1.04227e+07
0.00191898   1.04426e+07
0.00192341   1.04625e+07
0.00192784   1.04825e+07
0.00193229   1.05025e+07
0.00193674   1.05225e+07
0.00194121   1.05425e+07
0.00194568   1.05626e+07
0.00195017   1.05827e+07
0.00195467   1.06028e+07
0.00195917   1.0623e+07
0.00196369   1.06432e+07
0.00196822   1.06634e+07
0.00197276   1.06836e+07
0.00197731   1.07039e+07
0.00198187   1.07242e+07
0.00198644   1.07445e+07
0.00199102   1.07649e+07
0.00199561   1.07852e+07
0.00200021   1.08056e+07
0.00200482   1.08261e+07
0.00200944   1.08465e+07
0.00201408   1.0867e+07
0.00201872   1.08875e+07
0.00202338   1.09081e+07
0.00202804   1.09287e+07
0.00203272   1.09492e+07
0.0020374   1.09699e+07
0.0020421   1.09905e+07
0.00204681   1.10112e+07
0.00205153   1.10319e+07
0.00205626   1.10527e+07
0.002061   1.10734e+07
0.00206575   1.10942e+07
0.00207052   1.1115e+07
0.00207529   1.11359e+07
0.00208008   1.11567e+07
0.00208487   1.11776e+07
0.00208968   1.11986e+07
0.0020945   1.12195e+07
0.00209933   1.12405e+07
0.00210417   1.12615e+07
0.00210902   1.12825e+07
0.00211388   1.13036e+07
0.00211876   1.13247e+07
0.00212364   1.13458e+07
0.00212854   1.1367e+07
0.00213345   1.13881e+07
0.00213837   1.14093e+07
0.0021433   1.14306e+07
0.00214824   1.14518e+07
0.00215319   1.14731e+07
0.00215816   1.14944e+07
0.00216314   1.15157e+07
0.00216812   1.15371e+07
0.00217312   1.15585e+07
0.00217813   1.15799e+07
0.00218316   1.16013e+07
0.00218819   1.16228e+07
0.00219324   1.16443e+07
0.00219829   1.16658e+07
0.00220336   1.16874e+07
0.00220844   1.17089e+07
0.00221353   1.17305e+07
0.00221864   1.17522e+07
0.00222375   1.17738e+07
0.00222888   1.17955e+07
0.00223402   1.18172e+07
0.00223917   1.18389e+07
0.00224434   1.18607e+07
0.00224951   1.18825e+07
0.0022547   1.19043e+07
0.0022599   1.19261e+07
0.00226511   1.1948e+07
0.00227033   1.19699e+07
0.00227557   1.19918e+07
0.00228081   1.20137e+07
0.00228607   1.20357e+07
0.00229134   1.20577e+07
0.00229663   1.20797e+07
0.00230192   1.21018e+07
0.00230723   1.21239e+07
0.00231255   1.2146e+07
0.00231788   1.21681e+07
0.00232323   1.21902e+07
0.00232858   1.22124e+07
0.00233395   1.22346e+07
0.00233933   1.22569e+07
0.00234473   1.22791e+07
0.00235013   1.23014e+07
0.00235555   1.23237e+07
0.00236099   1.2346e+07
0.00236643   1.23684e+07
0.00237189   1.23908e+07
0.00237735   1.24132e+07
0.00238284   1.24356e+07
0.00238833   1.24581e+07
0.00239384   1.24806e+07
0.00239936   1.25031e+07
0.00240489   1.25256e+07
0.00241044   1.25482e+07
0.00241599   1.25708e+07
0.00242156   1.25934e+07
0.00242715   1.2616e+07
0.00243274   1.26387e+07
0.00243835   1.26614e+07
0.00244398   1.26841e+07
0.00244961   1.27068e+07
0.00245526   1.27296e+07
0.00246092   1.27524e+07
0.0024666   1.27752e+07
0.00247228   1.2798e+07
0.00247798   1.28209e+07
0.0024837   1.28438e+07
0.00248942   1.28667e+07
0.00249517   1.28896e+07
0.00250092   1.29126e+07
0.00250669   1.29356e+07
0.00251247   1.29586e+07
0.00251826   1.29816e+07
0.00252406   1.30047e+07
0.00252988   1.30278e+07
0.00253572   1.30509e+07
0.00254157   1.3074e+07
0.00254743   1.30972e+07
0.0025533   1.31204e+07
0.00255919   1.31436e+07
0.00256509   1.31668e+07
0.002571   1.31901e+07
0.00257693   1.32133e+07
0.00258287   1.32366e+07
0.00258883   1.326e+07
0.0025948   1.32833e+07
0.00260078   1.33067e+07
0.00260678   1.33301e+07
0.00261279   1.33535e+07
0.00261881   1.3377e+07
0.00262485   1.34004e+07
0.0026309   1.34239e+07
0.00263697   1.34474e+07
0.00264305   1.3471e+07
0.00264915   1.34945e+07
0.00265525   1.35181e+07
0.00266138   1.35417e+07
0.00266751   1.35654e+07
0.00267366   1.3589e+07
0.00267983   1.36127e+07
0.00268601   1.36364e+07
0.0026922   1.36601e+07
0.00269841   1.36839e+07
0.00270463   1.37076e+07
0.00271087   1.37314e+07
0.00271712   1.37552e+07
0.00272338   1.37791e+07
0.00272966   1.38029e+07
0.00273596   1.38268e+07
0.00274227   1.38507e+07
0.00274859   1.38746e+07
0.00275493   1.38986e+07
0.00276128   1.39226e+07
0.00276765   1.39466e+07
0.00277403   1.39706e+07
0.00278042   1.39946e+07
0.00278684   1.40187e+07
0.00279326   1.40428e+07
0.0027997   1.40669e+07
0.00280616   1.4091e+07
0.00281263   1.41151e+07
0.00281911   1.41393e+07
0.00282561   1.41635e+07
0.00283213   1.41877e+07
0.00283866   1.42119e+07
0.0028452   1.42362e+07
0.00285177   1.42605e+07
0.00285834   1.42848e+07
0.00286493   1.43091e+07
0.00287154   1.43334e+07
0.00287816   1.43578e+07
0.0028848   1.43822e+07
0.00289145   1.44066e+07
0.00289811   1.4431e+07
0.0029048   1.44554e+07
0.00291149   1.44799e+07
0.00291821   1.45044e+07
0.00292494   1.45289e+07
0.00293168   1.45534e+07
0.00293844   1.45779e+07
0.00294522   1.46025e+07
0.00295201   1.46271e+07
0.00295881   1.46517e+07
0.00296564   1.46763e+07
0.00297248   1.4701e+07
0.00297933   1.47256e+07
0.0029862   1.47503e+07
0.00299308   1.4775e+07
0.00299999   1.47997e+07
0.0030069   1.48245e+07
0.00301384   1.48492e+07
0.00302079   1.4874e+07
0.00302775   1.48988e+07
0.00303473   1.49236e+07
0.00304173   1.49485e+07
0.00304874   1.49733e+07
0.00305577   1.49982e+07
0.00306282   1.50231e+07
0.00306988   1.5048e+07
0.00307696   1.5073e+07
0.00308406   1.50979e+07
0.00309117   1.51229e+07
0.0030983   1.51479e+07
0.00310544   1.51729e+07
0.0031126   1.51979e+07
0.00311978   1.5223e+07
0.00312697   1.5248e+07
0.00313418   1.52731e+07
0.00314141   1.52982e+07
0.00314865   1.53233e+07
0.00315591   1.53484e+07
0.00316319   1.53736e+07
0.00317048   1.53988e+07
0.00317779   1.54239e+07
0.00318512   1.54491e+07
0.00319246   1.54744e+07
0.00319983   1.54996e+07
0.0032072   1.55249e+07
0.0032146   1.55501e+07
0.00322201   1.55754e+07
0.00322944   1.56007e+07
0.00323689   1.5626e+07
0.00324435   1.56514e+07
0.00325183   1.56767e+07
0.00325933   1.57021e+07
0.00326685   1.57275e+07
0.00327438   1.57529e+07
0.00328193   1.57783e+07
0.0032895   1.58038e+07
0.00329708   1.58292e+07
0.00330468   1.58547e+07
0.0033123   1.58802e+07
0.00331994   1.59057e+07
0.0033276   1.59312e+07
0.00333527   1.59567e+07
0.00334296   1.59822e+07
0.00335067   1.60078e+07
0.00335839   1.60334e+07
0.00336614   1.6059e+07
0.0033739   1.60846e+07
0.00338168   1.61102e+07
0.00338948   1.61358e+07
0.00339729   1.61615e+07
0.00340512   1.61871e+07
0.00341298   1.62128e+07
0.00342085   1.62385e+07
0.00342873   1.62642e+07
0.00343664   1.62899e+07
0.00344456   1.63157e+07
0.00345251   1.63414e+07
0.00346047   1.63672e+07
0.00346845   1.63929e+07
0.00347644   1.64187e+07
0.00348446   1.64445e+07
0.00349249   1.64703e+07
0.00350055   1.64962e+07
0.00350862   1.6522e+07
0.00351671   1.65479e+07
0.00352482   1.65737e+07
0.00353295   1.65996e+07
0.00354109   1.66255e+07
0.00354926   1.66514e+07
0.00355744   1.66773e+07
0.00356564   1.67032e+07
0.00357387   1.67292e+07
0.00358211   1.67551e+07
0.00359037   1.67811e+07
0.00359865   1.68071e+07
0.00360694   1.68331e+07
0.00361526   1.68591e+07
0.0036236   1.68851e+07
0.00363195   1.69111e+07
0.00364033   1.69371e+07
0.00364872   1.69632e+07
0.00365713   1.69892e+07
0.00366557   1.70153e+07
0.00367402   1.70414e+07
0.00368249   1.70674e+07
0.00369098   1.70935e+07
0.00369949   1.71197e+07
0.00370802   1.71458e+07
0.00371657   1.71719e+07
0.00372514   1.7198e+07
0.00373373   1.72242e+07
0.00374234   1.72503e+07
0.00375097   1.72765e+07
0.00375962   1.73027e+07
0.00376829   1.73289e+07
0.00377698   1.73551e+07
0.00378569   1.73813e+07
0.00379441   1.74075e+07
0.00380316   1.74337e+07
0.00381193   1.74599e+07
0.00382072   1.74862e+07
0.00382953   1.75124e+07
0.00383836   1.75387e+07
0.00384721   1.75649e+07
0.00385608   1.75912e+07
0.00386498   1.76175e+07
0.00387389   1.76438e+07
0.00388282   1.767e+07
0.00389177   1.76963e+07
0.00390075   1.77227e+07
0.00390974   1.7749e+07
0.00391876   1.77753e+07
0.00392779   1.78016e+07
0.00393685   1.7828e+07
0.00394593   1.78543e+07
0.00395503   1.78806e+07
0.00396415   1.7907e+07
0.00397329   1.79334e+07
0.00398245   1.79597e+07
0.00399163   1.79861e+07
0.00400083   1.80125e+07
0.00401006   1.80389e+07
0.00401931   1.80653e+07
0.00402857   1.80916e+07
0.00403786   1.8118e+07
0.00404717   1.81445e+07
0.00405651   1.81709e+07
0.00406586   1.81973e+07
0.00407523   1.82237e+07
0.00408463   1.82501e+07
0.00409405   1.82766e+07
0.00410349   1.8303e+07
0.00411295   1.83294e+07
0.00412243   1.83559e+07
0.00413194   1.83823e+07
0.00414147   1.84088e+07
0.00415102   1.84352e+07
0.00416059   1.84617e+07
0.00417018   1.84881e+07
0.0041798   1.85146e+07
0.00418944   1.8541e+07
0.0041991   1.85675e+07
0.00420878   1.8594e+07
0.00421848   1.86205e+07
0.00422821   1.86469e+07
0.00423796   1.86734e+07
0.00424773   1.86999e+07
0.00425753   1.87264e+07
0.00426734   1.87528e+07
0.00427718   1.87793e+07
0.00428704   1.88058e+07
0.00429693   1.88323e+07
0.00430684   1.88588e+07
0.00431677   1.88853e+07
0.00432672   1.89118e+07
0.0043367   1.89382e+07
0.0043467   1.89647e+07
0.00435672   1.89912e+07
0.00436677   1.90177e+07
0.00437684   1.90442e+07
0.00438693   1.90707e+07
0.00439704   1.90972e+07
0.00440718   1.91237e+07
0.00441734   1.91502e+07
0.00442753   1.91766e+07
0.00443774   1.92031e+07
0.00444797   1.92296e+07
0.00445823   1.92561e+07
0.00446851   1.92826e+07
0.00447881   1.93091e+07
0.00448914   1.93355e+07
0.00449949   1.9362e+07
0.00450986   1.93885e+07
0.00452026   1.94149e+07
0.00453069   1.94414e+07
0.00454113   1.94679e+07
0.0045516   1.94943e+07
0.0045621   1.95208e+07
0.00457262   1.95473e+07
0.00458316   1.95737e+07
0.00459373   1.96002e+07
0.00460432   1.96266e+07
0.00461494   1.9653e+07
0.00462558   1.96795e+07
0.00463625   1.97059e+07
0.00464694   1.97323e+07
0.00465765   1.97588e+07
0.00466839   1.97852e+07
0.00467916   1.98116e+07
0.00468995   1.9838e+07
0.00470076   1.98644e+07
0.0047116   1.98908e+07
0.00472246   1.99172e+07
0.00473335   1.99436e+07
0.00474427   1.997e+07
0.00475521   1.99964e+07
0.00476617   2.00227e+07
0.00477716   2.00491e+07
0.00478818   2.00754e+07
0.00479922   2.01018e+07
0.00481028   2.01281e+07
0.00482137   2.01545e+07
0.00483249   2.01808e+07
0.00484363   2.02071e+07
0.0048548   2.02334e+07
0.004866   2.02597e+07
0.00487722   2.0286e+07
0.00488846   2.03123e+07
0.00489973   2.03386e+07
0.00491103   2.03649e+07
0.00492236   2.03911e+07
0.00493371   2.04174e+07
0.00494508   2.04436e+07
0.00495648   2.04699e+07
0.00496791   2.04961e+07
0.00497937   2.05223e+07
0.00499085   2.05485e+07
0.00500236   2.05747e+07
0.00501389   2.06009e+07
0.00502545   2.06271e+07
0.00503704   2.06532e+07
0.00504866   2.06794e+07
0.0050603   2.07055e+07
0.00507197   2.07317e+07
0.00508366   2.07578e+07
0.00509538   2.07839e+07
0.00510713   2.081e+07
0.00511891   2.08361e+07
0.00513071   2.08621e+07
0.00514254   2.08882e+07
0.0051544   2.09142e+07
0.00516628   2.09403e+07
0.0051782   2.09663e+07
0.00519014   2.09923e+07
0.0052021   2.10183e+07
0.0052141   2.10443e+07
0.00522612   2.10702e+07
0.00523817   2.10962e+07
0.00525025   2.11221e+07
0.00526236   2.11481e+07
0.00527449   2.1174e+07
0.00528665   2.11999e+07
0.00529884   2.12257e+07
0.00531106   2.12516e+07
0.00532331   2.12775e+07
0.00533558   2.13033e+07
0.00534788   2.13291e+07
0.00536022   2.13549e+07
0.00537258   2.13807e+07
0.00538496   2.14065e+07
0.00539738   2.14322e+07
0.00540983   2.1458e+07
0.0054223   2.14837e+07
0.0054348   2.15094e+07
0.00544733   2.15351e+07
0.0054599   2.15607e+07
0.00547248   2.15864e+07
0.0054851   2.1612e+07
0.00549775   2.16376e+07
0.00551043   2.16632e+07
0.00552313   2.16888e+07
0.00553587   2.17144e+07
0.00554863   2.17399e+07
0.00556143   2.17654e+07
0.00557425   2.17909e+07
0.0055871   2.18164e+07
0.00559999   2.18419e+07
0.0056129   2.18673e+07
0.00562584   2.18927e+07
0.00563881   2.19181e+07
0.00565182   2.19435e+07
0.00566485   2.19689e+07
0.00567791   2.19942e+07
0.005691   2.20195e+07
0.00570413   2.20448e+07
0.00571728   2.20701e+07
0.00573046   2.20954e+07
0.00574367   2.21206e+07
0.00575692   2.21458e+07
0.00577019   2.2171e+07
0.0057835   2.21962e+07
0.00579683   2.22213e+07
0.0058102   2.22464e+07
0.0058236   2.22715e+07
0.00583702   2.22966e+07
0.00585048   2.23216e+07
0.00586397   2.23467e+07
0.0058775   2.23717e+07
0.00589105   2.23966e+07
0.00590463   2.24216e+07
0.00591825   2.24465e+07
0.00593189   2.24714e+07
0.00594557   2.24963e+07
0.00595928   2.25211e+07
0.00597302   2.2546e+07
0.00598679   2.25708e+07
0.0060006   2.25955e+07
0.00601443   2.26203e+07
0.0060283   2.2645e+07
0.0060422   2.26697e+07
0.00605614   2.26944e+07
0.0060701   2.2719e+07
0.0060841   2.27436e+07
0.00609812   2.27682e+07
0.00611219   2.27928e+07
0.00612628   2.28173e+07
0.00614041   2.28418e+07
0.00615456   2.28663e+07
0.00616876   2.28907e+07
0.00618298   2.29151e+07
0.00619724   2.29395e+07
0.00621153   2.29639e+07
0.00622585   2.29882e+07
0.0062402   2.30125e+07
0.00625459   2.30367e+07
0.00626901   2.3061e+07
0.00628347   2.30852e+07
0.00629796   2.31094e+07
0.00631248   2.31335e+07
0.00632704   2.31576e+07
0.00634162   2.31817e+07
0.00635625   2.32058e+07
0.0063709   2.32298e+07
0.00638559   2.32538e+07
0.00640032   2.32777e+07
0.00641508   2.33016e+07
0.00642987   2.33255e+07
0.00644469   2.33494e+07
0.00645955   2.33732e+07
0.00647445   2.3397e+07
0.00648938   2.34208e+07
0.00650434   2.34445e+07
0.00651934   2.34682e+07
0.00653437   2.34918e+07
0.00654944   2.35154e+07
0.00656454   2.3539e+07
0.00657968   2.35626e+07
0.00659485   2.35861e+07
0.00661005   2.36096e+07
0.0066253   2.3633e+07
0.00664057   2.36564e+07
0.00665588   2.36798e+07
0.00667123   2.37031e+07
0.00668661   2.37264e+07
0.00670203   2.37497e+07
0.00671749   2.37729e+07
0.00673298   2.37961e+07
0.0067485   2.38193e+07
0.00676406   2.38424e+07
0.00677966   2.38655e+07
0.00679529   2.38885e+07
0.00681096   2.39115e+07
0.00682666   2.39345e+07
0.00684241   2.39574e+07
0.00685818   2.39803e+07
0.006874   2.40031e+07
0.00688985   2.40259e+07
0.00690573   2.40487e+07
0.00692166   2.40714e+07
0.00693762   2.40941e+07
0.00695361   2.41167e+07
0.00696965   2.41394e+07
0.00698572   2.41619e+07
0.00700183   2.41844e+07
0.00701797   2.42069e+07
0.00703415   2.42294e+07
0.00705037   2.42518e+07
0.00706663   2.42741e+07
0.00708292   2.42964e+07
0.00709926   2.43187e+07
0.00711563   2.43409e+07
0.00713203   2.43631e+07
0.00714848   2.43853e+07
0.00716496   2.44074e+07
0.00718148   2.44294e+07
0.00719804   2.44514e+07
0.00721464   2.44734e+07
0.00723127   2.44953e+07
0.00724795   2.45172e+07
0.00726466   2.4539e+07
0.00728141   2.45608e+07
0.0072982   2.45826e+07
0.00731503   2.46043e+07
0.0073319   2.46259e+07
0.0073488   2.46475e+07
0.00736575   2.46691e+07
0.00738273   2.46906e+07
0.00739975   2.47121e+07
0.00741682   2.47335e+07
0.00743392   2.47549e+07
0.00745106   2.47762e+07
0.00746824   2.47975e+07
0.00748546   2.48187e+07
0.00750272   2.48399e+07
0.00752002   2.4861e+07
0.00753736   2.48821e+07
0.00755474   2.49031e+07
0.00757216   2.49241e+07
0.00758962   2.49451e+07
0.00760712   2.49659e+07
0.00762466   2.49868e+07
0.00764224   2.50076e+07
0.00765986   2.50283e+07
0.00767753   2.5049e+07
0.00769523   2.50696e+07
0.00771297   2.50902e+07
0.00773076   2.51108e+07
0.00774858   2.51313e+07
0.00776645   2.51517e+07
0.00778436   2.51721e+07
0.00780231   2.51924e+07
0.0078203   2.52127e+07
0.00783833   2.52329e+07
0.0078564   2.52531e+07
0.00787452   2.52732e+07
0.00789268   2.52933e+07
0.00791088   2.53133e+07
0.00792912   2.53332e+07
0.0079474   2.53532e+07
0.00796572   2.5373e+07
0.00798409   2.53928e+07
0.0080025   2.54125e+07
0.00802095   2.54322e+07
0.00803945   2.54519e+07
0.00805799   2.54714e+07
0.00807657   2.5491e+07
0.00809519   2.55104e+07
0.00811386   2.55298e+07
0.00813257   2.55492e+07
0.00815132   2.55685e+07
0.00817011   2.55877e+07
0.00818895   2.56069e+07
0.00820783   2.56261e+07
0.00822676   2.56451e+07
0.00824573   2.56641e+07
0.00826474   2.56831e+07
0.0082838   2.5702e+07
0.0083029   2.57208e+07
0.00832204   2.57396e+07
0.00834123   2.57583e+07
0.00836047   2.5777e+07
0.00837975   2.57956e+07
0.00839907   2.58141e+07
0.00841843   2.58326e+07
0.00843785   2.5851e+07
0.0084573   2.58694e+07
0.0084768   2.58877e+07
0.00849635   2.59059e+07
0.00851594   2.59241e+07
0.00853558   2.59423e+07
0.00855526   2.59603e+07
0.00857498   2.59783e+07
0.00859476   2.59962e+07
0.00861457   2.60141e+07
0.00863444   2.60319e+07
0.00865435   2.60497e+07
0.0086743   2.60674e+07
0.0086943   2.6085e+07
0.00871435   2.61026e+07
0.00873444   2.61201e+07
0.00875458   2.61375e+07
0.00877477   2.61549e+07
0.008795   2.61722e+07
0.00881528   2.61894e+07
0.00883561   2.62066e+07
0.00885598   2.62237e+07
0.0088764   2.62407e+07
0.00889687   2.62577e+07
0.00891739   2.62746e+07
0.00893795   2.62915e+07
0.00895856   2.63083e+07
0.00897921   2.6325e+07
0.00899992   2.63417e+07
0.00902067   2.63582e+07
0.00904147   2.63748e+07
0.00906232   2.63912e+07
0.00908321   2.64076e+07
0.00910416   2.64239e+07
0.00912515   2.64402e+07
0.00914619   2.64563e+07
0.00916728   2.64725e+07
0.00918842   2.64885e+07
0.00920961   2.65045e+07
0.00923084   2.65204e+07
0.00925213   2.65362e+07
0.00927346   2.6552e+07
0.00929484   2.65677e+07
0.00931628   2.65833e+07
0.00933776   2.65989e+07
0.00935929   2.66144e+07
0.00938087   2.66298e+07
0.0094025   2.66452e+07
0.00942418   2.66604e+07
0.00944591   2.66757e+07
0.00946769   2.66908e+07
0.00948952   2.67059e+07
0.0095114   2.67209e+07
0.00953333   2.67358e+07
0.00955532   2.67506e+07
0.00957735   2.67654e+07
0.00959943   2.67801e+07
0.00962157   2.67947e+07
0.00964375   2.68093e+07
0.00966599   2.68238e+07
0.00968828   2.68382e+07
0.00971062   2.68525e+07
0.00973301   2.68668e+07
0.00975545   2.6881e+07
0.00977794   2.68951e+07
0.00980049   2.69092e+07
0.00982309   2.69231e+07
0.00984574   2.6937e+07
0.00986844   2.69509e+07
0.0098912   2.69646e+07
0.009914   2.69783e+07
0.00993686   2.69919e+07
0.00995978   2.70054e+07
0.00998274   2.70188e+07
0.0100058   2.70322e+07
0.0100288   2.70455e+07
0.010052   2.70587e+07
0.0100751   2.70718e+07
0.0100984   2.70849e+07
0.0101216   2.70979e+07
0.010145   2.71108e+07
0.0101684   2.71236e+07
0.0101918   2.71363e+07
0.0102153   2.7149e+07
0.0102389   2.71616e+07
0.0102625   2.71741e+07
0.0102862   2.71865e+07
0.0103099   2.71989e+07
0.0103336   2.72112e+07
0.0103575   2.72233e+07
0.0103814   2.72355e+07
0.0104053   2.72475e+07
0.0104293   2.72595e+07
0.0104533   2.72713e+07
0.0104774   2.72831e+07
0.0105016   2.72948e+07
0.0105258   2.73065e+07
0.0105501   2.7318e+07
0.0105744   2.73295e+07
0.0105988   2.73409e+07
0.0106232   2.73522e+07
0.0106477   2.73634e+07
0.0106723   2.73746e+07
0.0106969   2.73856e+07
0.0107215   2.73966e+07
0.0107463   2.74075e+07
0.0107711   2.74183e+07
0.0107959   2.7429e+07
0.0108208   2.74397e+07
0.0108457   2.74503e+07
0.0108707   2.74607e+07
0.0108958   2.74711e+07
0.0109209   2.74814e+07
0.0109461   2.74917e+07
0.0109713   2.75018e+07
0.0109966   2.75119e+07
0.011022   2.75219e+07
0.0110474   2.75318e+07
0.0110729   2.75416e+07
0.0110984   2.75513e+07
0.011124   2.75609e+07
0.0111497   2.75705e+07
0.0111754   2.75799e+07
0.0112011   2.75893e+07
0.011227   2.75986e+07
0.0112529   2.76078e+07
0.0112788   2.76169e+07
0.0113048   2.7626e+07
0.0113309   2.76349e+07
0.011357   2.76438e+07
0.0113832   2.76525e+07
0.0114094   2.76612e+07
0.0114357   2.76698e+07
0.0114621   2.76783e+07
0.0114885   2.76867e+07
0.011515   2.76951e+07
0.0115416   2.77033e+07
0.0115682   2.77115e+07
0.0115949   2.77195e+07
0.0116216   2.77275e+07
0.0116484   2.77354e+07
0.0116753   2.77432e+07
0.0117022   2.77509e+07
0.0117292   2.77585e+07
0.0117562   2.77661e+07
0.0117833   2.77735e+07
0.0118105   2.77809e+07
0.0118377   2.77881e+07
0.011865   2.77953e+07
0.0118924   2.78024e+07
0.0119198   2.78094e+07
0.0119473   2.78163e+07
0.0119748   2.78231e+07
0.0120024   2.78298e+07
0.0120301   2.78364e+07
0.0120579   2.7843e+07
0.0120857   2.78494e+07
0.0121135   2.78558e+07
0.0121415   2.7862e+07
0.0121695   2.78682e+07
0.0121975   2.78743e+07
0.0122256   2.78803e+07
0.0122538   2.78862e+07
0.0122821   2.7892e+07
0.0123104   2.78977e+07
0.0123388   2.79033e+07
0.0123672   2.79088e+07
0.0123958   2.79142e+07
0.0124243   2.79196e+07
0.012453   2.79248e+07
0.0124817   2.79299e+07
0.0125105   2.7935e+07
0.0125393   2.794e+07
0.0125683   2.79448e+07
0.0125972   2.79496e+07
0.0126263   2.79543e+07
0.0126554   2.79588e+07
0.0126846   2.79633e+07
0.0127138   2.79677e+07
0.0127431   2.7972e+07
0.0127725   2.79762e+07
0.012802   2.79803e+07
0.0128315   2.79843e+07
0.0128611   2.79883e+07
0.0128907   2.79921e+07
0.0129205   2.79958e+07
0.0129502   2.79994e+07
0.0129801   2.8003e+07
0.01301   2.80064e+07
0.01304   2.80097e+07
0.0130701   2.8013e+07
0.0131002   2.80161e+07
0.0131304   2.80192e+07
0.0131607   2.80221e+07
0.0131911   2.8025e+07
0.0132215   2.80278e+07
0.013252   2.80304e+07
0.0132825   2.8033e+07
0.0133132   2.80355e+07
0.0133439   2.80378e+07
0.0133746   2.80401e+07
0.0134055   2.80423e+07
0.0134364   2.80444e+07
0.0134674   2.80464e+07
0.0134984   2.80482e+07
0.0135295   2.805e+07
0.0135607   2.80517e+07
0.013592   2.80533e+07
0.0136233   2.80548e+07
0.0136548   2.80562e+07
0.0136862   2.80575e+07
0.0137178   2.80587e+07
0.0137494   2.80598e+07
0.0137811   2.80608e+07
0.0138129   2.80616e+07
0.0138448   2.80624e+07
0.0138767   2.80631e+07
0.0139087   2.80637e+07
0.0139407   2.80642e+07
0.0139729   2.80646e+07
0.0140051   2.80649e+07
0.0140374   2.80651e+07
0.0140698   2.80652e+07
0.0141022   2.80652e+07
0.0141347   2.80651e+07
0.0141673   2.80649e+07
0.0142   2.80646e+07
0.0142327   2.80642e+07
0.0142656   2.80637e+07
0.0142984   2.80631e+07
0.0143314   2.80624e+07
0.0143645   2.80616e+07
0.0143976   2.80607e+07
0.0144308   2.80597e+07
0.0144641   2.80586e+07
0.0144974   2.80574e+07
0.0145308   2.80561e+07
0.0145643   2.80547e+07
0.0145979   2.80532e+07
0.0146316   2.80516e+07
0.0146653   2.80499e+07
0.0146991   2.80481e+07
0.014733   2.80462e+07
0.014767   2.80441e+07
0.0148011   2.8042e+07
0.0148352   2.80398e+07
0.0148694   2.80375e+07
0.0149037   2.80351e+07
0.014938   2.80325e+07
0.0149725   2.80299e+07
0.015007   2.80272e+07
0.0150416   2.80243e+07
0.0150763   2.80214e+07
0.0151111   2.80184e+07
0.0151459   2.80152e+07
0.0151808   2.8012e+07
0.0152158   2.80087e+07
0.0152509   2.80052e+07
0.0152861   2.80017e+07
0.0153213   2.7998e+07
0.0153567   2.79943e+07
0.0153921   2.79904e+07
0.0154276   2.79865e+07
0.0154631   2.79824e+07
0.0154988   2.79782e+07
0.0155345   2.7974e+07
0.0155703   2.79696e+07
0.0156062   2.79651e+07
0.0156422   2.79606e+07
0.0156783   2.79559e+07
0.0157144   2.79511e+07
0.0157507   2.79462e+07
0.015787   2.79412e+07
0.0158234   2.79361e+07
0.0158599   2.79309e+07
0.0158965   2.79257e+07
0.0159331   2.79203e+07
0.0159698   2.79148e+07
0.0160067   2.79091e+07
0.0160436   2.79034e+07
0.0160806   2.78976e+07
0.0161177   2.78917e+07
0.0161548   2.78857e+07
0.0161921   2.78796e+07
0.0162294   2.78734e+07
0.0162668   2.7867e+07
0.0163043   2.78606e+07
0.0163419   2.78541e+07
0.0163796   2.78474e+07
0.0164174   2.78407e+07
0.0164552   2.78338e+07
0.0164932   2.78269e+07
0.0165312   2.78198e+07
0.0165693   2.78127e+07
0.0166075   2.78054e+07
0.0166458   2.77981e+07
0.0166842   2.77906e+07
0.0167227   2.7783e+07
0.0167612   2.77754e+07
0.0167999   2.77676e+07
0.0168386   2.77597e+07
0.0168774   2.77517e+07
0.0169164   2.77436e+07
0.0169554   2.77354e+07
0.0169945   2.77272e+07
0.0170337   2.77188e+07
0.0170729   2.77103e+07
0.0171123   2.77017e+07
0.0171518   2.7693e+07
0.0171913   2.76841e+07
0.0172309   2.76752e+07
0.0172707   2.76662e+07
0.0173105   2.76571e+07
0.0173504   2.76479e+07
0.0173904   2.76385e+07
0.0174305   2.76291e+07
0.0174707   2.76196e+07
0.017511   2.761e+07
0.0175514   2.76002e+07
0.0175918   2.75904e+07
0.0176324   2.75804e+07
0.0176731   2.75704e+07
0.0177138   2.75602e+07
0.0177547   2.755e+07
0.0177956   2.75396e+07
0.0178366   2.75292e+07
0.0178778   2.75186e+07
0.017919   2.75079e+07
0.0179603   2.74972e+07
0.0180017   2.74863e+07
0.0180432   2.74753e+07
0.0180848   2.74642e+07
0.0181265   2.74531e+07
0.0181683   2.74418e+07
0.0182102   2.74304e+07
0.0182522   2.74189e+07
0.0182943   2.74073e+07
0.0183365   2.73956e+07
0.0183788   2.73838e+07
0.0184211   2.73719e+07
0.0184636   2.73599e+07
0.0185062   2.73478e+07
0.0185489   2.73356e+07
0.0185916   2.73233e+07
0.0186345   2.73109e+07
0.0186775   2.72984e+07
0.0187205   2.72858e+07
0.0187637   2.72731e+07
0.018807   2.72603e+07
0.0188503   2.72474e+07
0.0188938   2.72344e+07
0.0189374   2.72212e+07
0.018981   2.7208e+07
0.0190248   2.71947e+07
0.0190687   2.71813e+07
0.0191126   2.71678e+07
0.0191567   2.71541e+07
0.0192009   2.71404e+07
0.0192451   2.71266e+07
0.0192895   2.71127e+07
0.019334   2.70986e+07
0.0193786   2.70845e+07
0.0194233   2.70703e+07
0.019468   2.7056e+07
0.0195129   2.70415e+07
0.0195579   2.7027e+07
0.019603   2.70124e+07
0.0196482   2.69976e+07
0.0196935   2.69828e+07
0.0197389   2.69679e+07
0.0197845   2.69529e+07
0.0198301   2.69377e+07
0.0198758   2.69225e+07
0.0199216   2.69072e+07
0.0199676   2.68917e+07
0.0200136   2.68762e+07
0.0200598   2.68606e+07
0.020106   2.68449e+07
0.0201524   2.6829e+07
0.0201988   2.68131e+07
0.0202454   2.67971e+07
0.0202921   2.6781e+07
0.0203389   2.67648e+07
0.0203858   2.67484e+07
0.0204328   2.6732e+07
0.0204799   2.67155e+07
0.0205271   2.66989e+07
0.0205745   2.66822e+07
0.0206219   2.66654e+07
0.0206694   2.66485e+07
0.0207171   2.66315e+07
0.0207649   2.66144e+07
0.0208128   2.65972e+07
0.0208607   2.65799e+07
0.0209088   2.65625e+07
0.0209571   2.6545e+07
0.0210054   2.65274e+07
0.0210538   2.65098e+07
0.0211024   2.6492e+07
0.021151   2.64741e+07
0.0211998   2.64562e+07
0.0212487   2.64381e+07
0.0212977   2.64199e+07
0.0213468   2.64017e+07
0.021396   2.63833e+07
0.0214453   2.63649e+07
0.0214948   2.63463e+07
0.0215443   2.63277e+07
0.021594   2.6309e+07
0.0216438   2.62901e+07
0.0216937   2.62712e+07
0.0217437   2.62522e+07
0.0217939   2.62331e+07
0.0218441   2.62139e+07
0.0218945   2.61946e+07
0.021945   2.61752e+07
0.0219956   2.61557e+07
0.0220463   2.61361e+07
0.0220971   2.61165e+07
0.0221481   2.60967e+07
0.0221992   2.60768e+07
0.0222503   2.60569e+07
0.0223017   2.60368e+07
0.0223531   2.60167e+07
0.0224046   2.59965e+07
0.0224563   2.59762e+07
0.0225081   2.59558e+07
0.02256   2.59352e+07
0.022612   2.59147e+07
0.0226641   2.5894e+07
0.0227164   2.58732e+07
0.0227688   2.58523e+07
0.0228213   2.58314e+07
0.0228739   2.58103e+07
0.0229266   2.57892e+07
0.0229795   2.57679e+07
0.0230325   2.57466e+07
0.0230856   2.57252e+07
0.0231388   2.57037e+07
0.0231922   2.56821e+07
0.0232456   2.56604e+07
0.0232992   2.56387e+07
0.023353   2.56168e+07
0.0234068   2.55949e+07
0.0234608   2.55728e+07
0.0235149   2.55507e+07
0.0235691   2.55285e+07
0.0236235   2.55062e+07
0.0236779   2.54838e+07
0.0237325   2.54613e+07
0.0237872   2.54388e+07
0.0238421   2.54161e+07
0.0238971   2.53934e+07
0.0239522   2.53706e+07
0.0240074   2.53477e+07
0.0240628   2.53247e+07
0.0241182   2.53016e+07
0.0241739   2.52784e+07
0.0242296   2.52552e+07
0.0242855   2.52318e+07
0.0243415   2.52084e+07
0.0243976   2.51849e+07
0.0244538   2.51613e+07
0.0245102   2.51376e+07
0.0245667   2.51139e+07
0.0246234   2.509e+07
0.0246802   2.50661e+07
0.0247371   2.50421e+07
0.0247941   2.5018e+07
0.0248513   2.49938e+07
0.0249086   2.49696e+07
0.024966   2.49452e+07
0.0250236   2.49208e+07
0.0250813   2.48963e+07
0.0251391   2.48717e+07
0.0251971   2.48471e+07
0.0252552   2.48223e+07
0.0253134   2.47975e+07
0.0253718   2.47726e+07
0.0254303   2.47476e+07
0.0254889   2.47225e+07
0.0255477   2.46973e+07
0.0256066   2.46721e+07
0.0256657   2.46468e+07
0.0257248   2.46214e+07
0.0257842   2.45959e+07
0.0258436   2.45704e+07
0.0259032   2.45447e+07
0.0259629   2.4519e+07
0.0260228   2.44932e+07
0.0260828   2.44674e+07
0.0261429   2.44414e+07
0.0262032   2.44154e+07
0.0262636   2.43893e+07
0.0263242   2.43632e+07
0.0263849   2.43369e+07
0.0264457   2.43106e+07
0.0265067   2.42842e+07
0.0265678   2.42577e+07
0.0266291   2.42311e+07
0.0266905   2.42045e+07
0.026752   2.41778e+07
0.0268137   2.4151e+07
0.0268755   2.41242e+07
0.0269375   2.40973e+07
0.0269996   2.40703e+07
0.0270619   2.40432e+07
0.0271243   2.4016e+07
0.0271868   2.39888e+07
0.0272495   2.39615e+07
0.0273124   2.39342e+07
0.0273753   2.39067e+07
0.0274385   2.38792e+07
0.0275017   2.38516e+07
0.0275651   2.3824e+07
0.0276287   2.37963e+07
0.0276924   2.37685e+07
0.0277563   2.37406e+07
0.0278203   2.37127e+07
0.0278844   2.36847e+07
0.0279487   2.36566e+07
0.0280131   2.36284e+07
0.0280777   2.36002e+07
0.0281425   2.35719e+07
0.0282074   2.35436e+07
0.0282724   2.35152e+07
0.0283376   2.34867e+07
0.0284029   2.34581e+07
0.0284684   2.34295e+07
0.0285341   2.34008e+07
0.0285999   2.33721e+07
0.0286658   2.33433e+07
0.0287319   2.33144e+07
0.0287982   2.32854e+07
0.0288646   2.32564e+07
0.0289311   2.32273e+07
0.0289978   2.31982e+07
0.0290647   2.3169e+07
0.0291317   2.31397e+07
0.0291989   2.31103e+07
0.0292662   2.30809e+07
0.0293337   2.30515e+07
0.0294013   2.30219e+07
0.0294691   2.29923e+07
0.0295371   2.29627e+07
0.0296052   2.2933e+07
0.0296735   2.29032e+07
0.0297419   2.28733e+07
0.0298105   2.28434e+07
0.0298792   2.28135e+07
0.0299481   2.27834e+07
0.0300171   2.27534e+07
0.0300864   2.27232e+07
0.0301557   2.2693e+07
0.0302253   2.26627e+07
0.030295   2.26324e+07
0.0303648   2.2602e+07
0.0304348   2.25716e+07
0.030505   2.25411e+07
0.0305753   2.25105e+07
0.0306458   2.24799e+07
0.0307165   2.24493e+07
0.0307873   2.24185e+07
0.0308583   2.23877e+07
0.0309295   2.23569e+07
0.0310008   2.2326e+07
0.0310723   2.22951e+07
0.0311439   2.2264e+07
0.0312157   2.2233e+07
0.0312877   2.22019e+07
0.0313599   2.21707e+07
0.0314322   2.21395e+07
0.0315046   2.21082e+07
0.0315773   2.20769e+07
0.0316501   2.20455e+07
0.0317231   2.2014e+07
0.0317962   2.19826e+07
0.0318695   2.1951e+07
0.031943   2.19194e+07
0.0320167   2.18878e+07
0.0320905   2.18561e+07
0.0321645   2.18243e+07
0.0322387   2.17925e+07
0.032313   2.17607e+07
0.0323875   2.17288e+07
0.0324622   2.16969e+07
0.032537   2.16649e+07
0.0326121   2.16328e+07
0.0326873   2.16007e+07
0.0327626   2.15686e+07
0.0328382   2.15364e+07
0.0329139   2.15042e+07
0.0329898   2.14719e+07
0.0330659   2.14396e+07
0.0331421   2.14072e+07
0.0332185   2.13748e+07
0.0332951   2.13423e+07
0.0333719   2.13098e+07
0.0334488   2.12773e+07
0.033526   2.12447e+07
0.0336033   2.1212e+07
0.0336808   2.11794e+07
0.0337584   2.11466e+07
0.0338363   2.11139e+07
0.0339143   2.1081e+07
0.0339925   2.10482e+07
0.0340709   2.10153e+07
0.0341494   2.09823e+07
0.0342282   2.09494e+07
0.0343071   2.09163e+07
0.0343862   2.08833e+07
0.0344655   2.08502e+07
0.034545   2.0817e+07
0.0346246   2.07838e+07
0.0347044   2.07506e+07
0.0347845   2.07174e+07
0.0348647   2.06841e+07
0.0349451   2.06507e+07
0.0350256   2.06173e+07
0.0351064   2.05839e+07
0.0351874   2.05505e+07
0.0352685   2.0517e+07
0.0353498   2.04835e+07
0.0354313   2.04499e+07
0.035513   2.04163e+07
0.0355949   2.03827e+07
0.035677   2.0349e+07
0.0357592   2.03153e+07
0.0358417   2.02816e+07
0.0359243   2.02478e+07
0.0360072   2.0214e+07
0.0360902   2.01802e+07
0.0361734   2.01463e+07
0.0362568   2.01124e+07
0.0363404   2.00785e+07
0.0364242   2.00445e+07
0.0365082   2.00105e+07
0.0365924   1.99765e+07
0.0366768   1.99424e+07
0.0367613   1.99083e+07
0.0368461   1.98742e+07
0.0369311   1.984e+07
0.0370162   1.98059e+07
0.0371016   1.97716e+07
0.0371871   1.97374e+07
0.0372729   1.97031e+07
0.0373588   1.96688e+07
0.037445   1.96345e+07
0.0375313   1.96002e+07
0.0376178   1.95658e+07
0.0377046   1.95314e+07
0.0377915   1.9497e+07
0.0378787   1.94625e+07
0.037966   1.9428e+07
0.0380535   1.93935e+07
0.0381413   1.9359e+07
0.0382292   1.93244e+07
0.0383174   1.92898e+07
0.0384057   1.92552e+07
0.0384943   1.92206e+07
0.0385831   1.9186e+07
0.038672   1.91513e+07
0.0387612   1.91166e+07
0.0388506   1.90819e+07
0.0389401   1.90471e+07
0.0390299   1.90124e+07
0.0391199   1.89776e+07
0.0392101   1.89428e+07
0.0393005   1.89079e+07
0.0393912   1.88731e+07
0.039482   1.88382e+07
0.039573   1.88034e+07
0.0396643   1.87685e+07
0.0397557   1.87335e+07
0.0398474   1.86986e+07
0.0399393   1.86636e+07
0.0400314   1.86287e+07
0.0401237   1.85937e+07
0.0402162   1.85587e+07
0.0403089   1.85236e+07
0.0404019   1.84886e+07
0.040495   1.84535e+07
0.0405884   1.84185e+07
0.040682   1.83834e+07
0.0407758   1.83483e+07
0.0408698   1.83132e+07
0.0409641   1.8278e+07
0.0410585   1.82429e+07
0.0411532   1.82077e+07
0.0412481   1.81725e+07
0.0413432   1.81374e+07
0.0414385   1.81022e+07
0.0415341   1.8067e+07
0.0416299   1.80317e+07
0.0417258   1.79965e+07
0.0418221   1.79613e+07
0.0419185   1.7926e+07
0.0420151   1.78907e+07
0.042112   1.78555e+07
0.0422091   1.78202e+07
0.0423065   1.77849e+07
0.042404   1.77496e+07
0.0425018   1.77143e+07
0.0425998   1.7679e+07
0.042698   1.76436e+07
0.0427965   1.76083e+07
0.0428951   1.7573e+07
0.042994   1.75376e+07
0.0430932   1.75023e+07
0.0431926   1.74669e+07
0.0432921   1.74315e+07
0.043392   1.73962e+07
0.043492   1.73608e+07
0.0435923   1.73254e+07
0.0436928   1.729e+07
0.0437936   1.72546e+07
0.0438946   1.72192e+07
0.0439958   1.71838e+07
0.0440972   1.71484e+07
0.0441989   1.7113e+07
0.0443008   1.70776e+07
0.044403   1.70422e+07
0.0445053   1.70068e+07
0.044608   1.69714e+07
0.0447108   1.6936e+07
0.0448139   1.69006e+07
0.0449172   1.68651e+07
0.0450208   1.68297e+07
0.0451246   1.67943e+07
0.0452287   1.67589e+07
0.045333   1.67235e+07
0.0454375   1.66881e+07
0.0455423   1.66527e+07
0.0456473   1.66173e+07
0.0457525   1.65818e+07
0.045858   1.65464e+07
0.0459638   1.6511e+07
0.0460697   1.64756e+07
0.046176   1.64402e+07
0.0462825   1.64049e+07
0.0463892   1.63695e+07
0.0464961   1.63341e+07
0.0466033   1.62987e+07
0.0467108   1.62633e+07
0.0468185   1.6228e+07
0.0469265   1.61926e+07
0.0470347   1.61572e+07
0.0471431   1.61219e+07
0.0472518   1.60865e+07
0.0473608   1.60512e+07
0.04747   1.60159e+07
0.0475794   1.59806e+07
0.0476892   1.59452e+07
0.0477991   1.59099e+07
0.0479093   1.58746e+07
0.0480198   1.58393e+07
0.0481305   1.58041e+07
0.0482415   1.57688e+07
0.0483527   1.57335e+07
0.0484642   1.56983e+07
0.048576   1.5663e+07
0.048688   1.56278e+07
0.0488003   1.55926e+07
0.0489128   1.55574e+07
0.0490256   1.55222e+07
0.0491386   1.5487e+07
0.0492519   1.54518e+07
0.0493655   1.54167e+07
0.0494793   1.53815e+07
0.0495934   1.53464e+07
0.0497078   1.53113e+07
0.0498224   1.52762e+07
0.0499372   1.52411e+07
0.0500524   1.5206e+07
0.0501678   1.51709e+07
0.0502835   1.51359e+07
0.0503994   1.51008e+07
0.0505156   1.50658e+07
0.0506321   1.50308e+07
0.0507489   1.49958e+07
0.0508659   1.49609e+07
0.0509832   1.49259e+07
0.0511007   1.4891e+07
0.0512186   1.4856e+07
0.0513367   1.48211e+07
0.051455   1.47863e+07
0.0515737   1.47514e+07
0.0516926   1.47165e+07
0.0518118   1.46817e+07
0.0519313   1.46469e+07
0.052051   1.46121e+07
0.052171   1.45773e+07
0.0522913   1.45426e+07
0.0524119   1.45078e+07
0.0525327   1.44731e+07
0.0526539   1.44384e+07
0.0527753   1.44038e+07
0.052897   1.43691e+07
0.0530189   1.43345e+07
0.0531412   1.42999e+07
0.0532637   1.42653e+07
0.0533866   1.42307e+07
0.0535096   1.41962e+07
0.053633   1.41617e+07
0.0537567   1.41272e+07
0.0538807   1.40927e+07
0.0540049   1.40583e+07
0.0541294   1.40238e+07
0.0542542   1.39894e+07
0.0543793   1.39551e+07
0.0545047   1.39207e+07
0.0546304   1.38864e+07
0.0547564   1.38521e+07
0.0548826   1.38178e+07
0.0550092   1.37835e+07
0.055136   1.37493e+07
0.0552631   1.37151e+07
0.0553906   1.36809e+07
0.0555183   1.36468e+07
0.0556463   1.36127e+07
0.0557746   1.35786e+07
0.0559032   1.35445e+07
0.0560321   1.35105e+07
0.0561613   1.34765e+07
0.0562908   1.34425e+07
0.0564206   1.34085e+07
0.0565507   1.33746e+07
0.0566811   1.33407e+07
0.0568118   1.33069e+07
0.0569428   1.3273e+07
0.0570741   1.32392e+07
0.0572057   1.32054e+07
0.0573376   1.31717e+07
0.0574698   1.3138e+07
0.0576023   1.31043e+07
0.0577352   1.30706e+07
0.0578683   1.3037e+07
0.0580017   1.30034e+07
0.0581355   1.29699e+07
0.0582695   1.29363e+07
0.0584039   1.29028e+07
0.0585385   1.28694e+07
0.0586735   1.28359e+07
0.0588088   1.28025e+07
0.0589444   1.27692e+07
0.0590803   1.27358e+07
0.0592166   1.27025e+07
0.0593531   1.26693e+07
0.05949   1.2636e+07
0.0596271   1.26028e+07
0.0597646   1.25697e+07
0.0599024   1.25365e+07
0.0600405   1.25034e+07
0.060179   1.24704e+07
0.0603177   1.24373e+07
0.0604568   1.24043e+07
0.0605962   1.23714e+07
0.060736   1.23385e+07
0.060876   1.23056e+07
0.0610164   1.22727e+07
0.0611571   1.22399e+07
0.0612981   1.22071e+07
0.0614394   1.21744e+07
0.0615811   1.21417e+07
0.0617231   1.2109e+07
0.0618654   1.20764e+07
0.0620081   1.20438e+07
0.062151   1.20113e+07
0.0622943   1.19788e+07
0.062438   1.19463e+07
0.062582   1.19138e+07
0.0627263   1.18814e+07
0.0628709   1.18491e+07
0.0630159   1.18168e+07
0.0631612   1.17845e+07
0.0633068   1.17522e+07
0.0634528   1.172e+07
0.0635991   1.16879e+07
0.0637457   1.16558e+07
0.0638927   1.16237e+07
0.06404   1.15916e+07
0.0641877   1.15596e+07
0.0643357   1.15277e+07
0.0644841   1.14957e+07
0.0646327   1.14639e+07
0.0647818   1.1432e+07
0.0649312   1.14002e+07
0.0650809   1.13685e+07
0.0652309   1.13368e+07
0.0653813   1.13051e+07
0.0655321   1.12735e+07
0.0656832   1.12419e+07
0.0658347   1.12103e+07
0.0659865   1.11788e+07
0.0661386   1.11474e+07
0.0662911   1.11159e+07
0.066444   1.10846e+07
0.0665972   1.10532e+07
0.0667507   1.10219e+07
0.0669047   1.09907e+07
0.0670589   1.09595e+07
0.0672136   1.09283e+07
0.0673685   1.08972e+07
0.0675239   1.08662e+07
0.0676796   1.08351e+07
0.0678356   1.08042e+07
0.067992   1.07732e+07
0.0681488   1.07423e+07
0.068306   1.07115e+07
0.0684635   1.06807e+07
0.0686213   1.06499e+07
0.0687796   1.06192e+07
0.0689381   1.05886e+07
0.0690971   1.05579e+07
0.0692564   1.05274e+07
0.0694161   1.04968e+07
0.0695762   1.04664e+07
0.0697366   1.04359e+07
0.0698974   1.04055e+07
0.0700586   1.03752e+07
0.0702201   1.03449e+07
0.070382   1.03147e+07
0.0705443   1.02845e+07
0.070707   1.02543e+07
0.07087   1.02242e+07
0.0710334   1.01941e+07
0.0711972   1.01641e+07
0.0713614   1.01342e+07
0.0715259   1.01043e+07
0.0716909   1.00744e+07
0.0718562   1.00446e+07
0.0720219   1.00148e+07
0.0721879   9.98508e+06
0.0723544   9.95541e+06
0.0725212   9.92578e+06
0.0726884   9.8962e+06
0.072856   9.86667e+06
0.073024   9.83719e+06
0.0731924   9.80776e+06
0.0733612   9.77838e+06
0.0735303   9.74905e+06
0.0736999   9.71977e+06
0.0738698   9.69053e+06
0.0740402   9.66135e+06
0.0742109   9.63222e+06
0.074382   9.60313e+06
0.0745535   9.5741e+06
0.0747254   9.54511e+06
0.0748977   9.51618e+06
0.0750704   9.48729e+06
0.0752435   9.45846e+06
0.075417   9.42968e+06
0.0755909   9.40094e+06
0.0757652   9.37226e+06
0.0759399   9.34363e+06
0.076115   9.31505e+06
0.0762905   9.28652e+06
0.0764664   9.25804e+06
0.0766428   9.22961e+06
0.0768195   9.20124e+06
0.0769966   9.17291e+06
0.0771742   9.14464e+06
0.0773521   9.11642e+06
0.0775305   9.08825e+06
0.0777092   9.06013e+06
0.0778884   9.03206e+06
0.078068   9.00404e+06
0.078248   8.97608e+06
0.0784284   8.94817e+06
0.0786093   8.92031e+06
0.0787905   8.8925e+06
0.0789722   8.86475e+06
0.0791543   8.83705e+06
0.0793368   8.80939e+06
0.0795198   8.7818e+06
0.0797031   8.75425e+06
0.0798869   8.72676e+06
0.0800711   8.69932e+06
0.0802557   8.67193e+06
0.0804408   8.6446e+06
0.0806263   8.61732e+06
0.0808122   8.59009e+06
0.0809985   8.56291e+06
0.0811853   8.53579e+06
0.0813725   8.50872e+06
0.0815601   8.4817e+06
0.0817482   8.45474e+06
0.0819367   8.42783e+06
0.0821256   8.40098e+06
0.082315   8.37417e+06
0.0825048   8.34743e+06
0.082695   8.32073e+06
0.0828857   8.29409e+06
0.0830768   8.2675e+06
0.0832684   8.24097e+06
0.0834604   8.21449e+06
0.0836528   8.18806e+06
0.0838457   8.16169e+06
0.084039   8.13537e+06
0.0842328   8.10911e+06
0.0844271   8.0829e+06
0.0846217   8.05674e+06
0.0848168   8.03064e+06
0.0850124   8.00459e+06
0.0852084   7.9786e+06
0.0854049   7.95266e+06
0.0856018   7.92677e+06
0.0857992   7.90094e+06
0.0859971   7.87517e+06
0.0861954   7.84945e+06
0.0863941   7.82378e+06
0.0865933   7.79817e+06
0.086793   7.77261e+06
0.0869931   7.74711e+06
0.0871937   7.72166e+06
0.0873948   7.69626e+06
0.0875963   7.67092e+06
0.0877983   7.64564e+06
0.0880007   7.62041e+06
0.0882036   7.59524e+06
0.088407   7.57012e+06
0.0886108   7.54505e+06
0.0888152   7.52004e+06
0.08902   7.49509e+06
0.0892252   7.47019e+06
0.089431   7.44534e+06
0.0896372   7.42055e+06
0.0898439   7.39582e+06
0.090051   7.37114e+06
0.0902587   7.34651e+06
0.0904668   7.32194e+06
0.0906754   7.29743e+06
0.0908845   7.27297e+06
0.091094   7.24857e+06
0.0913041   7.22422e+06
0.0915146   7.19992e+06
0.0917256   7.17569e+06
0.0919371   7.1515e+06
0.0921491   7.12737e+06
0.0923616   7.1033e+06
0.0925746   7.07928e+06
0.092788   7.05532e+06
0.093002   7.03141e+06
0.0932164   7.00756e+06
0.0934313   6.98377e+06
0.0936468   6.96002e+06
0.0938627   6.93634e+06
0.0940791   6.91271e+06
0.0942961   6.88913e+06
0.0945135   6.86561e+06
0.0947314   6.84215e+06
0.0949499   6.81874e+06
0.0951688   6.79538e+06
0.0953882   6.77209e+06
0.0956082   6.74884e+06
0.0958287   6.72565e+06
0.0960496   6.70252e+06
0.0962711   6.67944e+06
0.0964931   6.65642e+06
0.0967156   6.63346e+06
0.0969386   6.61054e+06
0.0971621   6.58769e+06
0.0973861   6.56489e+06
0.0976107   6.54214e+06
0.0978358   6.51945e+06
0.0980614   6.49681e+06
0.0982875   6.47423e+06
0.0985141   6.45171e+06
0.0987413   6.42924e+06
0.0989689   6.40683e+06
0.0991971   6.38447e+06
0.0994259   6.36216e+06
0.0996551   6.33991e+06
0.0998849   6.31772e+06
0.100115   6.29558e+06
0.100346   6.2735e+06
0.100577   6.25147e+06
0.100809   6.2295e+06
0.101042   6.20758e+06
0.101275   6.18571e+06
0.101508   6.16391e+06
0.101742   6.14215e+06
0.101977   6.12045e+06
0.102212   6.09881e+06
0.102448   6.07722e+06
0.102684   6.05569e+06
0.102921   6.03421e+06
0.103158   6.01278e+06
0.103396   5.99141e+06
0.103634   5.9701e+06
0.103873   5.94884e+06
0.104113   5.92764e+06
0.104353   5.90648e+06
0.104594   5.88539e+06
0.104835   5.86435e+06
0.105076   5.84336e+06
0.105319   5.82243e+06
0.105562   5.80155e+06
0.105805   5.78073e+06
0.106049   5.75996e+06
0.106293   5.73925e+06
0.106539   5.71859e+06
0.106784   5.69798e+06
0.10703   5.67743e+06
0.107277   5.65693e+06
0.107525   5.63649e+06
0.107773   5.6161e+06
0.108021   5.59577e+06
0.10827   5.57549e+06
0.10852   5.55526e+06
0.10877   5.53509e+06
0.109021   5.51497e+06
0.109272   5.4949e+06
0.109524   5.47489e+06
0.109777   5.45494e+06
0.11003   5.43503e+06
0.110284   5.41519e+06
0.110538   5.39539e+06
0.110793   5.37565e+06
0.111048   5.35596e+06
0.111304   5.33633e+06
0.111561   5.31674e+06
0.111818   5.29722e+06
0.112076   5.27774e+06
0.112334   5.25832e+06
0.112593   5.23895e+06
0.112853   5.21964e+06
0.113113   5.20038e+06
0.113374   5.18117e+06
0.113635   5.16201e+06
0.113897   5.14291e+06
0.11416   5.12386e+06
0.114423   5.10487e+06
0.114687   5.08592e+06
0.114952   5.06703e+06
0.115217   5.0482e+06
0.115482   5.02941e+06
0.115749   5.01068e+06
0.116016   4.992e+06
0.116283   4.97337e+06
0.116551   4.9548e+06
0.11682   4.93628e+06
0.117089   4.91781e+06
0.117359   4.89939e+06
0.11763   4.88102e+06
0.117901   4.86271e+06
0.118173   4.84445e+06
0.118445   4.82624e+06
0.118719   4.80808e+06
0.118992   4.78998e+06
0.119267   4.77192e+06
0.119542   4.75392e+06
0.119817   4.73597e+06
0.120094   4.71807e+06
0.120371   4.70023e+06
0.120648   4.68243e+06
0.120926   4.66469e+06
0.121205   4.64699e+06
0.121485   4.62935e+06
0.121765   4.61176e+06
0.122045   4.59422e+06
0.122327   4.57674e+06
0.122609   4.5593e+06
0.122892   4.54191e+06
0.123175   4.52458e+06
0.123459   4.5073e+06
0.123744   4.49006e+06
0.124029   4.47288e+06
0.124315   4.45575e+06
0.124602   4.43867e+06
0.124889   4.42164e+06
0.125177   4.40466e+06
0.125466   4.38773e+06
0.125755   4.37085e+06
0.126045   4.35402e+06
0.126335   4.33724e+06
0.126627   4.32051e+06
0.126919   4.30383e+06
0.127211   4.2872e+06
0.127505   4.27062e+06
0.127799   4.25409e+06
0.128093   4.23761e+06
0.128389   4.22118e+06
0.128685   4.20479e+06
0.128982   4.18846e+06
0.129279   4.17218e+06
0.129577   4.15595e+06
0.129876   4.13976e+06
0.130175   4.12363e+06
0.130475   4.10754e+06
0.130776   4.0915e+06
0.131078   4.07551e+06
0.13138   4.05957e+06
0.131683   4.04368e+06
0.131987   4.02784e+06
0.132291   4.01205e+06
0.132596   3.9963e+06
0.132902   3.9806e+06
0.133208   3.96496e+06
0.133515   3.94935e+06
0.133823   3.9338e+06
0.134132   3.9183e+06
0.134441   3.90284e+06
0.134751   3.88743e+06
0.135062   3.87207e+06
0.135373   3.85676e+06
0.135685   3.84149e+06
0.135998   3.82627e+06
0.136312   3.8111e+06
0.136626   3.79598e+06
0.136941   3.7809e+06
0.137257   3.76588e+06
0.137573   3.75089e+06
0.137891   3.73596e+06
0.138209   3.72107e+06
0.138527   3.70623e+06
0.138847   3.69144e+06
0.139167   3.67669e+06
0.139488   3.66199e+06
0.139809   3.64733e+06
0.140132   3.63273e+06
0.140455   3.61816e+06
0.140779   3.60365e+06
0.141103   3.58918e+06
0.141429   3.57476e+06
0.141755   3.56038e+06
0.142082   3.54605e+06
0.142409   3.53176e+06
0.142738   3.51752e+06
0.143067   3.50333e+06
0.143397   3.48918e+06
0.143727   3.47507e+06
0.144059   3.46102e+06
0.144391   3.447e+06
0.144724   3.43304e+06
0.145058   3.41911e+06
0.145392   3.40524e+06
0.145727   3.3914e+06
0.146063   3.37762e+06
0.1464   3.36387e+06
0.146738   3.35017e+06
0.147076   3.33652e+06
0.147415   3.32291e+06
0.147755   3.30934e+06
0.148096   3.29582e+06
0.148437   3.28235e+06
0.14878   3.26891e+06
0.149123   3.25552e+06
0.149466   3.24218e+06
0.149811   3.22888e+06
0.150156   3.21562e+06
0.150503   3.20241e+06
0.15085   3.18924e+06
0.151198   3.17611e+06
0.151546   3.16302e+06
0.151896   3.14998e+06
0.152246   3.13699e+06
0.152597   3.12403e+06
0.152949   3.11112e+06
0.153301   3.09825e+06
0.153655   3.08543e+06
0.154009   3.07264e+06
0.154364   3.0599e+06
0.15472   3.0472e+06
0.155077   3.03455e+06
0.155435   3.02193e+06
0.155793   3.00936e+06
0.156152   2.99683e+06
0.156512   2.98435e+06
0.156873   2.9719e+06
0.157235   2.9595e+06
0.157598   2.94714e+06
0.157961   2.93482e+06
0.158325   2.92254e+06
0.15869   2.9103e+06
0.159056   2.8981e+06
0.159423   2.88595e+06
0.15979   2.87384e+06
0.160159   2.86176e+06
0.160528   2.84973e+06
0.160898   2.83774e+06
0.161269   2.82579e+06
0.161641   2.81388e+06
0.162014   2.80201e+06
0.162388   2.79019e+06
0.162762   2.7784e+06
0.163137   2.76665e+06
0.163513   2.75494e+06
0.16389   2.74328e+06
0.164268   2.73165e+06
0.164647   2.72006e+06
0.165027   2.70851e+06
0.165407   2.69701e+06
0.165789   2.68554e+06
0.166171   2.67411e+06
0.166554   2.66272e+06
0.166938   2.65137e+06
0.167323   2.64006e+06
0.167709   2.62879e+06
0.168096   2.61756e+06
0.168483   2.60636e+06
0.168872   2.59521e+06
0.169261   2.58409e+06
0.169651   2.57302e+06
0.170043   2.56198e+06
0.170435   2.55098e+06
0.170828   2.54002e+06
0.171222   2.52909e+06
0.171616   2.51821e+06
0.172012   2.50736e+06
0.172409   2.49655e+06
0.172806   2.48578e+06
0.173205   2.47505e+06
0.173604   2.46435e+06
0.174004   2.4537e+06
0.174406   2.44308e+06
0.174808   2.43249e+06
0.175211   2.42195e+06
0.175615   2.41144e+06
0.17602   2.40097e+06
0.176426   2.39054e+06
0.176832   2.38014e+06
0.17724   2.36978e+06
0.177649   2.35946e+06
0.178058   2.34917e+06
0.178469   2.33892e+06
0.178881   2.32871e+06
0.179293   2.31853e+06
0.179706   2.30839e+06
0.180121   2.29828e+06
0.180536   2.28822e+06
0.180952   2.27818e+06
0.18137   2.26819e+06
0.181788   2.25823e+06
0.182207   2.2483e+06
0.182627   2.23841e+06
0.183048   2.22856e+06
0.18347   2.21874e+06
0.183893   2.20896e+06
0.184317   2.19921e+06
0.184742   2.1895e+06
0.185168   2.17982e+06
0.185595   2.17018e+06
0.186023   2.16057e+06
0.186452   2.151e+06
0.186882   2.14146e+06
0.187313   2.13196e+06
0.187745   2.12249e+06
0.188178   2.11306e+06
0.188612   2.10366e+06
0.189047   2.09429e+06
0.189483   2.08496e+06
0.18992   2.07567e+06
0.190357   2.0664e+06
0.190796   2.05717e+06
0.191236   2.04798e+06
0.191677   2.03882e+06
0.192119   2.02969e+06
0.192562   2.0206e+06
0.193006   2.01154e+06
0.193451   2.00251e+06
0.193897   1.99351e+06
0.194344   1.98455e+06
0.194793   1.97563e+06
0.195242   1.96673e+06
0.195692   1.95787e+06
0.196143   1.94904e+06
0.196595   1.94024e+06
0.197049   1.93148e+06
0.197503   1.92275e+06
0.197958   1.91405e+06
0.198415   1.90538e+06
0.198872   1.89675e+06
0.199331   1.88815e+06
0.199791   1.87958e+06
0.200251   1.87104e+06
0.200713   1.86254e+06
0.201176   1.85406e+06
0.20164   1.84562e+06
0.202105   1.83721e+06
0.202571   1.82883e+06
0.203038   1.82049e+06
0.203506   1.81217e+06
0.203975   1.80389e+06
0.204446   1.79563e+06
0.204917   1.78741e+06
0.205389   1.77922e+06
0.205863   1.77106e+06
0.206338   1.76293e+06
0.206814   1.75484e+06
0.20729   1.74677e+06
0.207768   1.73873e+06
0.208247   1.73073e+06
0.208728   1.72275e+06
0.209209   1.71481e+06
0.209691   1.70689e+06
0.210175   1.69901e+06
0.210659   1.69115e+06
0.211145   1.68333e+06
0.211632   1.67554e+06
0.21212   1.66777e+06
0.212609   1.66004e+06
0.213099   1.65233e+06
0.213591   1.64466e+06
0.214083   1.63701e+06
0.214577   1.6294e+06
0.215072   1.62181e+06
0.215568   1.61425e+06
0.216065   1.60672e+06
0.216563   1.59922e+06
0.217062   1.59176e+06
0.217563   1.58431e+06
0.218064   1.5769e+06
0.218567   1.56952e+06
0.219071   1.56217e+06
0.219576   1.55484e+06
0.220083   1.54754e+06
0.22059   1.54027e+06
0.221099   1.53303e+06
0.221608   1.52582e+06
0.222119   1.51864e+06
0.222632   1.51148e+06
0.223145   1.50436e+06
0.22366   1.49726e+06
0.224175   1.49019e+06
0.224692   1.48314e+06
0.22521   1.47613e+06
0.22573   1.46914e+06
0.22625   1.46218e+06
0.226772   1.45525e+06
0.227295   1.44834e+06
0.227819   1.44147e+06
0.228344   1.43461e+06
0.228871   1.42779e+06
0.229398   1.421e+06
0.229927   1.41423e+06
0.230457   1.40749e+06
0.230989   1.40077e+06
0.231521   1.39408e+06
0.232055   1.38742e+06
0.23259   1.38079e+06
0.233127   1.37418e+06
0.233664   1.3676e+06
0.234203   1.36104e+06
0.234743   1.35452e+06
0.235284   1.34801e+06
0.235827   1.34154e+06
0.236371   1.33509e+06
0.236916   1.32867e+06
0.237462   1.32227e+06
0.238009   1.3159e+06
0.238558   1.30955e+06
0.239108   1.30323e+06
0.23966   1.29694e+06
0.240212   1.29067e+06
0.240766   1.28443e+06
0.241321   1.27821e+06
0.241878   1.27202e+06
0.242435   1.26585e+06
0.242994   1.25971e+06
0.243555   1.2536e+06
0.244116   1.24751e+06
0.244679   1.24144e+06
0.245243   1.2354e+06
0.245809   1.22939e+06
0.246376   1.2234e+06
0.246944   1.21743e+06
0.247513   1.21149e+06
0.248084   1.20557e+06
0.248656   1.19968e+06
0.249229   1.19382e+06
0.249804   1.18797e+06
0.25038   1.18215e+06
0.250957   1.17636e+06
0.251536   1.17059e+06
0.252116   1.16485e+06
0.252697   1.15913e+06
0.25328   1.15343e+06
0.253864   1.14775e+06
0.254449   1.14211e+06
0.255036   1.13648e+06
0.255624   1.13088e+06
0.256214   1.1253e+06
0.256804   1.11975e+06
0.257397   1.11422e+06
0.25799   1.10871e+06
0.258585   1.10323e+06
0.259181   1.09776e+06
0.259779   1.09233e+06
0.260378   1.08691e+06
0.260978   1.08152e+06
0.26158   1.07616e+06
0.262183   1.07081e+06
0.262788   1.06549e+06
0.263394   1.06019e+06
0.264001   1.05492e+06
0.26461   1.04966e+06
0.26522   1.04443e+06
0.265831   1.03922e+06
0.266444   1.03404e+06
0.267059   1.02888e+06
0.267674   1.02374e+06
0.268292   1.01862e+06
0.26891   1.01352e+06
0.26953   1.00845e+06
0.270152   1.0034e+06
0.270775   998371
0.271399   993365
0.272025   988380
0.272652   983417
0.273281   978476
0.273911   973557
0.274543   968659
0.275176   963784
0.27581   958930
0.276446   954097
0.277083   949286
0.277722   944496
0.278363   939728
0.279005   934981
0.279648   930255
0.280293   925550
0.280939   920867
0.281587   916204
0.282236   911563
0.282887   906942
0.283539   902343
0.284193   897764
0.284848   893205
0.285505   888668
0.286163   884151
0.286823   879655
0.287485   875179
0.288148   870723
0.288812   866288
0.289478   861873
0.290145   857479
0.290814   853104
0.291485   848750
0.292157   844416
0.292831   840101
0.293506   835807
0.294183   831532
0.294861   827278
0.295541   823043
0.296222   818827
0.296905   814632
0.29759   810456
0.298276   806299
0.298964   802162
0.299653   798044
0.300344   793946
0.301037   789866
0.301731   785806
0.302427   781765
0.303124   777744
0.303823   773741
0.304524   769757
0.305226   765792
0.30593   761846
0.306635   757918
0.307342   754010
0.308051   750120
0.308761   746248
0.309473   742395
0.310187   738561
0.310902   734745
0.311619   730947
0.312337   727168
0.313057   723407
0.313779   719663
0.314503   715939
0.315228   712232
0.315955   708543
0.316683   704872
0.317414   701218
0.318145   697583
0.318879   693966
0.319614   690366
0.320351   686783
0.32109   683218
0.32183   679671
0.322572   676141
0.323316   672629
0.324062   669134
0.324809   665656
0.325558   662195
0.326309   658752
0.327061   655325
0.327815   651916
0.328571   648523
0.329329   645147
0.330088   641789
0.330849   638447
0.331612   635121
0.332377   631813
0.333143   628520
0.333911   625245
0.334681   621986
0.335453   618743
0.336226   615517
0.337002   612307
0.337779   609113
0.338557   605935
0.339338   602773
0.340121   599628
0.340905   596498
0.341691   593385
0.342479   590287
0.343268   587205
0.34406   584139
0.344853   581088
0.345648   578053
0.346445   575034
0.347244   572030
0.348045   569041
0.348848   566068
0.349652   563110
0.350458   560168
0.351266   557241
0.352076   554328
0.352888   551431
0.353702   548549
0.354517   545682
0.355335   542830
0.356154   539992
0.356975   537169
0.357798   534361
0.358623   531568
0.35945   528789
0.360279   526025
0.36111   523275
0.361943   520540
0.362777   517819
0.363614   515112
0.364452   512419
0.365292   509741
0.366135   507077
0.366979   504426
0.367825   501790
0.368673   499168
0.369523   496559
0.370375   493964
0.371229   491383
0.372085   488816
0.372943   486262
0.373803   483722
0.374665   481196
0.375529   478682
0.376395   476182
0.377263   473696
0.378133   471223
0.379005   468762
0.379879   466315
0.380755   463882
0.381633   461461
0.382513   459053
0.383395   456658
0.384279   454275
0.385165   451906
0.386053   449549
0.386943   447205
0.387835   444873
0.388729   442554
0.389626   440248
0.390524   437954
0.391425   435672
0.392327   433403
0.393232   431145
0.394139   428900
0.395047   426667
0.395958   424447
0.396871   422238
0.397786   420041
0.398704   417856
0.399623   415682
0.400544   413521
0.401468   411371
0.402394   409233
0.403322   407106
0.404252   404991
0.405184   402888
0.406118   400796
0.407054   398715
0.407993   396646
0.408934   394587
0.409877   392540
0.410822   390504
0.411769   388480
0.412718   386466
0.41367   384463
0.414624   382471
0.41558   380490
0.416538   378519
0.417499   376560
0.418461   374611
0.419426   372673
0.420393   370745
0.421363   368827
0.422334   366921
0.423308   365024
0.424284   363138
0.425263   361262
0.426243   359397
0.427226   357541
0.428211   355696
0.429198   353861
0.430188   352036
0.43118   350220
0.432174   348415
0.433171   346619
0.43417   344834
0.435171   343058
0.436174   341291
0.43718   339535
0.438188   337788
0.439198   336050
0.440211   334322
0.441226   332603
0.442243   330894
0.443263   329194
0.444285   327503
0.44531   325822
0.446337   324149
0.447366   322486
0.448397   320832
0.449431   319187
0.450467   317551
0.451506   315923
0.452547   314305
0.453591   312695
0.454637   311094
0.455685   309502
0.456736   307919
0.457789   306344
0.458844   304777
0.459902   303219
0.460963   301670
0.462026   300129
0.463091   298596
0.464159   297072
0.465229   295556
0.466302   294048
0.467377   292548
0.468455   291057
0.469535   289573
0.470618   288098
0.471703   286630
0.47279   285171
0.473881   283719
0.474973   282275
0.476068   280839
0.477166   279411
0.478266   277991
0.479369   276578
0.480475   275173
0.481582   273775
0.482693   272385
0.483806   271002
0.484921   269627
0.48604   268259
0.48716   266899
0.488284   265545
0.48941   264199
0.490538   262861
0.491669   261529
0.492803   260205
0.493939   258888
0.495078   257577
0.49622   256274
0.497364   254978
0.498511   253689
0.49966   252406
0.500812   251131
0.501967   249862
0.503124   248600
0.504285   247345
0.505447   246096
0.506613   244854
0.507781   243619
0.508952   242390
0.510125   241168
0.511302   239952
0.512481   238743
0.513662   237540
0.514847   236343
0.516034   235153
0.517224   233969
0.518416   232792
0.519612   231620
0.52081   230455
0.522011   229296
0.523214   228143
0.524421   226996
0.52563   225855
0.526842   224721
0.528057   223592
0.529274   222469
0.530495   221352
0.531718   220241
0.532944   219135
0.534173   218036
0.535405   216942
0.536639   215854
0.537877   214772
0.539117   213695
0.54036   212624
0.541606   211559
0.542855   210499
0.544107   209444
0.545361   208395
0.546619   207352
0.547879   206314
0.549142   205281
0.550409   204254
0.551678   203232
0.55295   202216
0.554225   201204
0.555503   200198
0.556784   199198
0.558067   198202
0.559354   197211
0.560644   196226
0.561937   195246
0.563232   194270
0.564531   193300
0.565833   192335
0.567138   191375
0.568445   190419
0.569756   189469
0.57107   188523
0.572387   187583
0.573706   186647
0.575029   185716
0.576355   184789
0.577684   183868
0.579016   182951
0.580351   182039
0.581689   181131
0.583031   180229
0.584375   179330
0.585723   178437
0.587073   177548
0.588427   176663
0.589784   175783
0.591144   174907
0.592507   174036
0.593873   173170
0.595242   172307
0.596615   171449
0.59799   170596
0.599369   169746
0.600751   168902
0.602136   168061
0.603525   167224
0.604916   166392
0.606311   165564
0.607709   164740
0.609111   163921
0.610515   163105
0.611923   162294
0.613334   161486
0.614748   160683
0.616166   159884
0.617586   159089
0.61901   158298
0.620438   157510
0.621868   156727
0.623302   155948
0.624739   155172
0.62618   154401
0.627624   153633
0.629071   152869
0.630522   152109
0.631975   151353
0.633433   150600
0.634893   149852
0.636357   149107
0.637824   148365
0.639295   147628
0.640769   146894
0.642247   146164
0.643728   145437
0.645212   144714
0.6467   143995
0.648191   143279
0.649686   142567
0.651184   141858
0.652685   141153
0.65419   140451
0.655698   139753
0.65721   139058
0.658726   138367
0.660245   137679
0.661767   136994
0.663293   136313
0.664822   135636
0.666355   134961
0.667892   134290
0.669432   133622
0.670976   132958
0.672523   132297
0.674073   131639
0.675628   130984
0.677186   130333
0.678747   129684
0.680312   129039
0.681881   128398
0.683453   127759
0.685029   127123
0.686609   126491
0.688192   125862
0.689779   125235
0.691369   124612
0.692963   123992
0.694561   123375
0.696163   122761
0.697768   122150
0.699377   121542
0.700989   120937
0.702606   120335
0.704226   119736
0.70585   119139
0.707477   118546
0.709108   117956
0.710744   117368
0.712382   116784
0.714025   116202
0.715671   115623
0.717322   115047
0.718976   114474
0.720633   113903
0.722295   113335
0.723961   112770
0.72563   112208
0.727303   111649
0.72898   111092
0.730661   110538
0.732346   109987
0.734034   109438
0.735727   108892
0.737423   108349
0.739124   107809
0.740828   107271
0.742536   106735
0.744248   106202
0.745965   105672
0.747685   105145
0.749409   104620
0.751137   104097
0.752869   103577
0.754605   103060
0.756345   102545
0.758089   102033
0.759837   101523
0.761589   101015
0.763345   100510
0.765105   100008
0.766869   99507.9
0.768637   99010.3
0.77041   98515.1
0.772186   98022.3
0.773967   97531.9
0.775751   97043.8
0.77754   96558.2
0.779333   96074.9
0.78113   95593.9
0.782931   95115.3
0.784736   94639
0.786546   94165
0.788359   93693.3
0.790177   93223.9
0.791999   92756.7
0.793825   92291.9
0.795656   91829.3
0.79749   91368.9
0.799329   90910.8
0.801172   90454.8
0.80302   90001.1
0.804871   89549.6
0.806727   89100.3
0.808587   88653.1
0.810452   88208.2
0.812321   87765.3
0.814194   87324.7
0.816071   86886.1
0.817953   86449.7
0.819839   86015.4
0.821729   85583.2
0.823624   85153.1
0.825523   84725.1
0.827427   84299.1
0.829334   83875.2
0.831247   83453.4
0.833163   83033.6
0.835085   82615.9
0.83701   82200.1
0.83894   81786.4
0.840875   81374.7
0.842813   80965
0.844757   80557.3
0.846705   80151.5
0.848657   79747.7
0.850614   79345.9
0.852575   78946
0.854541   78548
0.856511   78152
0.858486   77757.9
0.860466   77365.7
0.86245   76975.4
0.864439   76587
0.866432   76200.5
0.86843   75815.9
0.870432   75433.1
0.872439   75052.1
0.874451   74673.1
0.876467   74295.8
0.878488   73920.4
0.880514   73546.8
0.882544   73175
0.884579   72805.1
0.886619   72436.9
0.888663   72070.5
0.890712   71705.9
0.892766   71343
0.894825   70981.9
0.896888   70622.6
0.898956   70265
0.901029   69909.1
0.903106   69555
0.905189   69202.6
0.907276   68851.9
0.909368   68502.9
0.911465   68155.5
0.913567   67809.9
0.915673   67466
0.917784   67123.7
0.919901   66783.1
0.922022   66444.1
0.924148   66106.8
0.926279   65771.2
0.928415   65437.1
0.930555   65104.7
0.932701   64773.9
0.934852   64444.7
0.937007   64117.1
0.939168   63791.1
0.941333   63466.7
0.943504   63143.9
0.945679   62822.6
0.94786   62502.9
0.950046   62184.8
0.952236   61868.2
0.954432   61553.2
0.956633   61239.6
0.958838   60927.6
0.961049   60617.2
0.963265   60308.2
0.965486   60000.8
0.967713   59694.8
0.969944   59390.3
0.972181   59087.4
0.974422   58785.8
0.976669   58485.8
0.978921   58187.2
0.981178   57890.1
0.983441   57594.5
0.985708   57300.2
0.987981   57007.5
0.990259   56716.1
0.992543   56426.2
0.994831   56137.6
0.997125   55850.5
0.999424   55564.8
1.00173   55280.5
1.00404   54997.6
1.00635   54716.1
1.00867   54435.9
1.011   54157.1
1.01333   53879.7
1.01567   53603.6
1.01801   53328.9
1.02036   53055.5
1.02271   52783.5
1.02507   52512.8
1.02743   52243.4
1.0298   51975.3
1.03218   51708.6
1.03456   51443.1
1.03694   51179
1.03933   50916.1
1.04173   50654.6
1.04413   50394.3
1.04654   50135.3
1.04895   49877.6
1.05137   49621.1
1.05379   49365.9
1.05622   49111.9
1.05866   48859.2
1.0611   48607.8
1.06355   48357.5
1.066   48108.5
1.06846   47860.8
1.07092   47614.2
1.07339   47368.9
1.07587   47124.7
1.07835   46881.8
1.08083   46640
1.08332   46399.5
1.08582   46160.1
1.08833   45921.9
1.09084   45684.9
1.09335   45449.1
1.09587   45214.4
1.0984   44980.8
1.10093   44748.5
1.10347   44517.2
1.10601   44287.1
1.10857   44058.2
1.11112   43830.3
1.11368   43603.6
1.11625   43378
1.11883   43153.6
1.1214   42930.2
1.12399   42708
1.12658   42486.8
1.12918   42266.7
1.13178   42047.7
1.13439   41829.8
1.13701   41613
1.13963   41397.3
1.14226   41182.6
1.14489   40969
1.14753   40756.4
1.15018   40544.9
1.15283   40334.4
1.15549   40125
1.15815   39916.6
1.16082   39709.3
1.1635   39503
1.16618   39297.7
1.16887   39093.4
1.17157   38890.1
1.17427   38687.9
1.17698   38486.6
1.17969   38286.4
1.18241   38087.1
1.18514   37888.9
1.18787   37691.6
1.19061   37495.3
1.19335   37300
1.19611   37105.6
1.19886   36912.2
1.20163   36719.8
1.2044   36528.3
1.20718   36337.8
1.20996   36148.3
1.21275   35959.7
1.21555   35772
1.21835   35585.2
1.22116   35399.4
1.22397   35214.5
1.2268   35030.6
1.22962   34847.5
1.23246   34665.4
1.2353   34484.2
1.23815   34303.8
1.241   34124.4
1.24387   33945.9
1.24673   33768.3
1.24961   33591.5
1.25249   33415.7
1.25538   33240.7
1.25827   33066.6
1.26117   32893.4
1.26408   32721
1.267   32549.5
1.26992   32378.9
1.27285   32209.1
1.27578   32040.1
1.27872   31872.1
1.28167   31704.8
1.28463   31538.4
1.28759   31372.8
1.29056   31208.1
1.29353   31044.2
1.29652   30881.1
1.29951   30718.8
1.3025   30557.3
1.30551   30396.7
1.30852   30236.9
1.31153   30077.8
1.31456   29919.6
1.31759   29762.1
1.32063   29605.5
1.32367   29449.6
1.32672   29294.6
1.32978   29140.3
1.33285   28986.7
1.33592   28834
1.339   28682
1.34209   28530.8
1.34519   28380.4
1.34829   28230.7
1.3514   28081.7
1.35451   27933.6
1.35764   27786.1
1.36077   27639.4
1.3639   27493.5
1.36705   27348.3
1.3702   27203.8
1.37336   27060.1
1.37653   26917
1.3797   26774.7
1.38288   26633.2
1.38607   26492.3
1.38927   26352.2
1.39247   26212.7
1.39568   26074
1.3989   25936
1.40212   25798.6
1.40536   25662
1.4086   25526.1
1.41185   25390.8
1.4151   25256.2
1.41836   25122.4
1.42164   24989.2
1.42491   24856.6
1.4282   24724.8
1.43149   24593.6
1.43479   24463.1
1.4381   24333.2
1.44142   24204
1.44474   24075.5
1.44807   23947.6
1.45141   23820.4
1.45476   23693.8
1.45811   23567.8
1.46147   23442.5
1.46484   23317.9
1.46822   23193.9
1.47161   23070.5
1.475   22947.7
1.4784   22825.6
1.48181   22704
1.48523   22583.2
1.48865   22462.9
1.49208   22343.2
1.49553   22224.2
1.49897   22105.7
1.50243   21987.9
1.50589   21870.6
1.50937   21754
1.51285   21637.9
1.51634   21522.5
1.51983   21407.6
1.52334   21293.4
1.52685   21179.7
1.53037   21066.6
1.5339   20954
1.53743   20842.1
1.54098   20730.7
1.54453   20619.9
1.54809   20509.7
1.55166   20400
1.55524   20290.9
1.55883   20182.4
1.56242   20074.4
1.56603   19966.9
1.56964   19860
1.57326   19753.7
1.57688   19647.9
1.58052   19542.7
1.58416   19438
1.58782   19333.8
1.59148   19230.2
1.59515   19127.1
1.59883   19024.5
1.60251   18922.5
1.60621   18820.9
1.60991   18719.9
1.61362   18619.5
1.61734   18519.5
1.62107   18420.1
1.62481   18321.2
1.62856   18222.7
1.63231   18124.8
1.63608   18027.4
1.63985   17930.5
1.64363   17834.1
1.64742   17738.2
1.65122   17642.8
1.65503   17547.9
1.65884   17453.5
1.66267   17359.5
1.6665   17266.1
1.67034   17173.1
1.67419   17080.6
1.67806   16988.6
1.68192   16897.1
1.6858   16806.1
1.68969   16715.5
1.69359   16625.4
1.69749   16535.7
1.7014   16446.5
1.70533   16357.8
1.70926   16269.5
1.7132   16181.7
1.71715   16094.4
1.72111   16007.5
1.72508   15921
1.72906   15835
1.73304   15749.5
1.73704   15664.4
1.74105   15579.7
1.74506   15495.5
1.74908   15411.7
1.75312   15328.4
1.75716   15245.5
1.76121   15163
1.76527   15080.9
1.76934   14999.3
1.77342   14918.1
1.77751   14837.3
1.78161   14757
1.78572   14677
1.78984   14597.5
1.79396   14518.4
1.7981   14439.7
1.80225   14361.4
1.8064   14283.5
1.81057   14206.1
1.81474   14129
1.81893   14052.3
1.82312   13976.1
1.82732   13900.2
1.83154   13824.8
1.83576   13749.7
1.83999   13675
1.84424   13600.7
1.84849   13526.8
1.85275   13453.3
1.85702   13380.2
1.8613   13307.4
1.8656   13235.1
1.8699   13163.1
1.87421   13091.5
1.87853   13020.2
1.88286   12949.4
1.8872   12878.9
1.89156   12808.7
1.89592   12739
1.90029   12669.6
1.90467   12600.6
1.90906   12531.9
1.91346   12463.6
1.91788   12395.7
1.9223   12328.1
1.92673   12260.9
1.93117   12194
1.93563   12127.5
1.94009   12061.3
1.94456   11995.5
1.94905   11930
1.95354   11864.9
1.95805   11800.1
1.96256   11735.6
1.96709   11671.5
1.97162   11607.7
1.97617   11544.3
1.98073   11481.2
1.98529   11418.4
1.98987   11356
1.99446   11293.9
1.99906   11232.1
2.00367   11170.7
2.00829   11109.5
2.01292   11048.7
2.01756   10988.2
2.02221   10928.1
2.02687   10868.2
2.03155   10808.7
2.03623   10749.5
2.04093   10690.6
2.04563   10632
2.05035   10573.7
2.05508   10515.7
2.05982   10458
2.06457   10400.7
2.06933   10343.6
2.0741   10286.8
2.07888   10230.4
2.08367   10174.2
2.08848   10118.4
2.09329   10062.8
2.09812   10007.5
2.10296   9952.56
2.10781   9897.88
2.11267   9843.49
2.11754   9789.38
2.12242   9735.56
2.12732   9682.03
2.13222   9628.78
2.13714   9575.81
2.14207   9523.13
2.147   9470.73
2.15196   9418.6
2.15692   9366.75
2.16189   9315.18
2.16688   9263.88
2.17187   9212.86
2.17688   9162.11
2.1819   9111.62
2.18693   9061.41
2.19197   9011.46
2.19703   8961.78
2.20209   8912.37
2.20717   8863.21
2.21226   8814.32
2.21736   8765.69
2.22247   8717.32
2.2276   8669.21
2.23274   8621.35
2.23788   8573.76
2.24304   8526.41
2.24822   8479.32
2.2534   8432.47
2.2586   8385.88
2.2638   8339.54
2.26902   8293.45
2.27426   8247.6
2.2795   8202
2.28476   8156.64
2.29002   8111.52
2.2953   8066.65
2.3006   8022.01
2.3059   7977.62
2.31122   7933.46
2.31655   7889.54
2.32189   7845.85
2.32724   7802.4
2.33261   7759.18
2.33799   7716.19
2.34338   7673.44
2.34878   7630.91
2.3542   7588.61
2.35963   7546.54
2.36507   7504.69
2.37052   7463.07
2.37599   7421.67
2.38147   7380.49
2.38696   7339.54
2.39246   7298.8
2.39798   7258.29
2.40351   7217.99
2.40905   7177.91
2.4146   7138.04
2.42017   7098.39
2.42575   7058.95
2.43134   7019.73
2.43695   6980.71
2.44257   6941.91
2.4482   6903.31
2.45385   6864.92
2.45951   6826.74
2.46518   6788.77
2.47086   6751
2.47656   6713.43
2.48227   6676.06
2.48799   6638.9
2.49373   6601.94
2.49948   6565.18
2.50524   6528.61
2.51102   6492.24
2.51681   6456.07
2.52261   6420.1
2.52843   6384.32
2.53426   6348.73
2.5401   6313.33
2.54596   6278.13
2.55183   6243.12
2.55771   6208.29
2.56361   6173.65
2.56952   6139.21
2.57545   6104.94
2.58139   6070.87
2.58734   6036.97
2.5933   6003.26
2.59928   5969.74
2.60528   5936.39
2.61128   5903.23
2.61731   5870.24
2.62334   5837.44
2.62939   5804.81
2.63545   5772.36
2.64153   5740.09
2.64762   5707.99
2.65373   5676.06
2.65984   5644.31
2.66598   5612.73
2.67212   5581.32
2.67829   5550.08
2.68446   5519.01
2.69065   5488.11
2.69686   5457.38
2.70307   5426.82
2.70931   5396.42
2.71555   5366.18
2.72182   5336.12
2.72809   5306.21
2.73438   5276.47
2.74069   5246.89
2.74701   5217.47
2.75334   5188.21
2.75969   5159.11
2.76605   5130.17
2.77243   5101.38
2.77882   5072.75
2.78523   5044.28
2.79165   5015.97
2.79809   4987.8
2.80454   4959.8
2.81101   4931.94
2.81749   4904.24
2.82399   4876.69
2.8305   4849.28
2.83703   4822.03
2.84357   4794.93
2.85012   4767.97
2.8567   4741.16
2.86328   4714.5
2.86988   4687.99
2.8765   4661.61
2.88313   4635.39
2.88978   4609.3
2.89645   4583.36
2.90312   4557.56
2.90982   4531.91
2.91653   4506.39
2.92325   4481.01
2.92999   4455.77
2.93675   4430.67
2.94352   4405.71
2.95031   4380.88
2.95711   4356.19
2.96393   4331.63
2.97076   4307.21
2.97761   4282.93
2.98448   4258.77
2.99136   4234.75
2.99826   4210.86
3.00517   4187.1
3.0121   4163.47
3.01905   4139.98
3.02601   4116.61
3.03299   4093.36
3.03998   4070.25
3.04699   4047.26
3.05402   4024.4
3.06106   4001.67
3.06812   3979.06
3.07519   3956.57
3.08228   3934.21
3.08939   3911.97
3.09651   3889.86
3.10365   3867.86
3.11081   3845.99
3.11798   3824.23
3.12517   3802.6
3.13238   3781.08
3.1396   3759.69
3.14684   3738.41
3.15409   3717.25
3.16137   3696.2
3.16866   3675.27
3.17596   3654.46
3.18329   3633.76
3.19063   3613.18
3.19798   3592.71
3.20536   3572.35
3.21275   3552.1
3.22016   3531.97
3.22758   3511.94
3.23502   3492.03
3.24248   3472.23
3.24996   3452.54
3.25745   3432.95
3.26496   3413.47
3.27249   3394.11
3.28004   3374.84
3.2876   3355.69
3.29518   3336.64
3.30278   3317.7
3.3104   3298.86
3.31803   3280.12
3.32568   3261.49
3.33335   3242.96
3.34103   3224.54
3.34874   3206.21
3.35646   3187.99
3.3642   3169.87
3.37196   3151.85
3.37973   3133.93
3.38752   3116.1
3.39534   3098.38
3.40316   3080.76
3.41101   3063.23
3.41888   3045.8
3.42676   3028.46
3.43466   3011.23
3.44258   2994.09
3.45052   2977.04
3.45848   2960.09
3.46645   2943.23
3.47444   2926.46
3.48245   2909.79
3.49048   2893.21
3.49853   2876.73
3.5066   2860.33
3.51469   2844.03
3.52279   2827.82
3.53091   2811.69
3.53905   2795.66
3.54721   2779.71
3.55539   2763.86
3.56359   2748.09
3.57181   2732.41
3.58004   2716.82
3.5883   2701.31
3.59657   2685.89
3.60487   2670.56
3.61318   2655.31
3.62151   2640.15
3.62986   2625.07
3.63823   2610.07
3.64662   2595.16
3.65503   2580.33
3.66346   2565.59
3.6719   2550.93
3.68037   2536.34
3.68886   2521.84
3.69736   2507.42
3.70589   2493.09
3.71443   2478.83
3.723   2464.65
3.73158   2450.55
3.74019   2436.53
3.74881   2422.58
3.75745   2408.72
3.76612   2394.93
3.7748   2381.22
3.78351   2367.58
3.79223   2354.03
3.80097   2340.54
3.80974   2327.14
3.81852   2313.8
3.82733   2300.55
3.83615   2287.36
3.845   2274.25
3.85386   2261.22
3.86275   2248.26
3.87166   2235.36
3.88059   2222.55
3.88953   2209.8
3.8985   2197.12
3.90749   2184.52
3.9165   2171.99
3.92553   2159.52
3.93458   2147.13
3.94366   2134.8
3.95275   2122.55
3.96186   2110.36
3.971   2098.25
3.98015   2086.2
3.98933   2074.21
3.99853   2062.3
4.00775   2050.45
4.01699   2038.67
4.02625   2026.95
4.03554   2015.3
4.04484   2003.72
4.05417   1992.2
4.06352   1980.74
4.07289   1969.35
4.08228   1958.03
4.09169   1946.76
4.10113   1935.56
4.11058   1924.43
4.12006   1913.35
4.12956   1902.34
4.13908   1891.39
4.14863   1880.5
4.15819   1869.68
4.16778   1858.91
4.17739   1848.2
4.18702   1837.56
4.19668   1826.97
4.20636   1816.45
4.21605   1805.98
4.22578   1795.58
4.23552   1785.23
4.24529   1774.94
4.25508   1764.7
4.26489   1754.53
4.27472   1744.41
4.28458   1734.35
4.29446   1724.35
4.30436   1714.4
4.31428   1704.51
4.32423   1694.67
4.3342   1684.89
4.3442   1675.17
4.35421   1665.5
4.36425   1655.89
4.37432   1646.32
4.3844   1636.82
4.39451   1627.36
4.40465   1617.96
4.4148   1608.62
4.42498   1599.32
4.43518   1590.08
4.44541   1580.89
4.45566   1571.76
4.46594   1562.67
4.47623   1553.64
4.48655   1544.65
4.4969   1535.72
4.50727   1526.84
4.51766   1518.01
4.52808   1509.23
4.53852   1500.5
4.54898   1491.81
4.55947   1483.18
4.56999   1474.6
4.58052   1466.06
4.59109   1457.57
4.60167   1449.13
4.61228   1440.74
4.62292   1432.4
4.63358   1424.1
4.64426   1415.85
4.65497   1407.65
4.6657   1399.49
4.67646   1391.38
4.68725   1383.32
4.69805   1375.3
4.70889   1367.33
4.71974   1359.4
4.73063   1351.52
4.74154   1343.68
4.75247   1335.89
4.76343   1328.14
4.77441   1320.43
4.78542   1312.77
4.79645   1305.16
4.80751   1297.58
4.8186   1290.05
4.82971   1282.56
4.84085   1275.12
4.85201   1267.71
4.8632   1260.35
4.87441   1253.03
4.88565   1245.75
4.89691   1238.52
4.90821   1231.32
4.91952   1224.17
4.93087   1217.05
4.94224   1209.98
4.95363   1202.95
4.96505   1195.95
4.9765   1189
4.98798   1182.09
4.99948   1175.21
5.01101   1168.38
5.02256   1161.58
5.03414   1154.82
5.04575   1148.1
5.05738   1141.42
5.06905   1134.78
5.08073   1128.18
5.09245   1121.61
5.10419   1115.08
5.11596   1108.59
5.12776   1102.13
5.13958   1095.71
5.15143   1089.33
5.16331   1082.99
5.17522   1076.68
5.18715   1070.41
5.19911   1064.17
5.2111   1057.97
5.22311   1051.8
5.23516   1045.67
5.24723   1039.57
5.25933   1033.51
5.27145   1027.49
5.28361   1021.49
5.29579   1015.54
5.308   1009.61
5.32024   1003.72
5.33251   997.867
5.34481   992.045
5.35713   986.255
5.36948   980.499
5.38186   974.776
5.39427   969.086
5.40671   963.428
5.41918   957.802
5.43167   952.209
5.4442   946.648
5.45675   941.118
5.46933   935.62
5.48195   930.154
5.49459   924.719
5.50726   919.315
5.51995   913.943
5.53268   908.601
5.54544   903.289
5.55823   898.008
5.57104   892.757
5.58389   887.537
5.59676   882.346
5.60967   877.186
5.6226   872.054
5.63557   866.953
5.64856   861.88
5.66159   856.837
5.67464   851.822
5.68773   846.837
5.70084   841.88
5.71399   836.951
5.72716   832.051
5.74037   827.179
5.7536   822.335
5.76687   817.518
5.78017   812.73
5.7935   807.969
5.80686   803.235
5.82024   798.529
5.83366   793.849
5.84712   789.197
5.8606   784.571
5.87411   779.972
5.88766   775.399
5.90123   770.853
5.91484   766.333
5.92848   761.839
5.94215   757.37
5.95585   752.928
5.96958   748.511
5.98335   744.119
5.99714   739.753
6.01097   735.412
6.02483   731.096
6.03872   726.805
6.05265   722.538
6.06661   718.296
6.08059   714.079
6.09461   709.885
6.10867   705.716
6.12275   701.572
6.13687   697.45
6.15102   693.353
6.1652   689.28
6.17942   685.229
6.19367   681.203
6.20795   677.199
6.22226   673.219
6.23661   669.261
6.25099   665.327
6.26541   661.415
6.27985   657.525
6.29433   653.659
6.30885   649.814
6.32339   645.992
6.33797   642.192
6.35259   638.413
6.36724   634.657
6.38192   630.922
6.39663   627.209
6.41138   623.518
6.42617   619.847
6.44098   616.198
6.45584   612.57
6.47072   608.963
6.48564   605.377
6.5006   601.812
6.51559   598.267
6.53061   594.743
6.54567   591.239
6.56076   587.755
6.57589   584.292
6.59105   580.849
6.60625   577.425
6.62148   574.022
6.63675   570.638
6.65205   567.273
6.66739   563.929
6.68277   560.603
6.69817   557.297
6.71362   554.01
6.7291   550.742
6.74462   547.493
6.76017   544.263
6.77576   541.052
6.79138   537.859
6.80704   534.685
6.82273   531.529
6.83847   528.392
6.85423   525.272
6.87004   522.171
6.88588   519.088
6.90176   516.022
6.91767   512.975
6.93362   509.945
6.94961   506.933
6.96564   503.938
6.9817   500.961
6.9978   498.001
7.01393   495.058
7.0301   492.132
7.04631   489.223
7.06256   486.331
7.07885   483.456
7.09517   480.598
7.11153   477.756
7.12793   474.931
7.14436   472.122
7.16084   469.33
7.17735   466.554
7.1939   463.794
7.21049   461.05
7.22711   458.322
7.24378   455.61
7.26048   452.913
7.27722   450.232
7.294   447.567
7.31082   444.918
7.32768   442.284
7.34457   439.665
7.36151   437.061
7.37848   434.473
7.39549   431.9
7.41255   429.341
7.42964   426.798
7.44677   424.269
7.46394   421.756
7.48115   419.256
7.4984   416.772
7.51569   414.302
7.53302   411.846
7.55039   409.405
7.5678   406.977
7.58525   404.564
7.60274   402.166
7.62027   399.781
7.63784   397.41
7.65545   395.052
7.67311   392.709
7.6908   390.379
7.70853   388.063
7.72631   385.76
7.74412   383.471
7.76198   381.195
7.77988   378.933
7.79782   376.684
7.8158   374.447
7.83382   372.224
7.85188   370.014
7.86999   367.817
7.88813   365.633
7.90632   363.461
7.92455   361.302
7.94282   359.156
7.96114   357.022
7.9795   354.901
7.9979   352.792
8.01634   350.696
8.03482   348.611
8.05335   346.539
8.07192   344.479
8.09053   342.432
8.10919   340.396
8.12788   338.372
8.14663   336.36
8.16541   334.359
8.18424   332.371
8.20311   330.394
8.22202   328.428
8.24098   326.474
8.25998   324.532
8.27903   322.601
8.29812   320.681
8.31725   318.773
8.33643   316.875
8.35565   314.989
8.37492   313.114
8.39423   311.25
8.41359   309.397
8.43299   307.554
8.45243   305.723
8.47192   303.902
8.49146   302.092
8.51104   300.292
8.53066   298.503
8.55033   296.725
8.57005   294.957
8.58981   293.199
8.60962   291.452
8.62947   289.715
8.64937   287.988
8.66931   286.271
8.6893   284.564
8.70934   282.868
8.72942   281.181
8.74955   279.504
8.76972   277.837
8.78994   276.18
8.81021   274.533
8.83052   272.895
8.85089   271.267
8.87129   269.649
8.89175   268.04
8.91225   266.44
8.9328   264.85
8.9534   263.269
8.97405   261.698
8.99474   260.135
9.01548   258.582
9.03627   257.038
9.0571   255.504
9.07799   253.978
9.09892   252.461
9.1199   250.953
9.14093   249.454
9.162   247.964
9.18313   246.482
9.2043   245.01
9.22553   243.546
9.2468   242.09
9.26812   240.643
9.28949   239.205
9.31091   237.775
9.33238   236.354
9.3539   234.941
9.37547   233.536
9.39709   232.139
9.41875   230.751
9.44047   229.371
9.46224   227.999
9.48406   226.636
9.50593   225.28
9.52785   223.932
9.54982   222.592
9.57184   221.26
9.59391   219.936
9.61603   218.62
9.6382   217.311
9.66043   216.011
9.6827   214.717
9.70503   213.432
9.72741   212.154
9.74983   210.884
9.77232   209.621
9.79485   208.366
9.81743   207.118
9.84007   205.877
9.86276   204.644
9.8855   203.418
9.9083   202.199
9.93114   200.987
9.95404   199.783
9.97699   198.586
10   197.396
