# r[Mpc/h]   xi(r)
1   4679.96
1.24925   3857.17
1.4985   3267.31
1.74775   2831.29
1.997   2494.22
2.24625   2225.28
2.4955   2006.94
2.74474   1825.08
2.99399   1671.83
3.24324   1540.69
3.49249   1427.04
3.74174   1327.75
3.99099   1240
4.24024   1161.95
4.48949   1091.99
4.73874   1028.84
4.98799   971.582
5.23724   919.328
5.48649   871.46
5.73574   827.415
5.98498   786.717
6.23423   749.011
6.48348   713.942
6.73273   681.25
6.98198   650.694
7.23123   622.059
7.48048   595.183
7.72973   569.897
7.97898   546.073
8.22823   523.591
8.47748   502.339
8.72673   482.233
8.97598   463.18
9.22523   445.108
9.47447   427.952
9.72372   411.645
9.97297   396.138
10.2222   381.375
10.4715   367.313
10.7207   353.909
10.97   341.124
11.2192   328.924
11.4685   317.274
11.7177   306.144
11.967   295.508
12.2162   285.337
12.4655   275.608
12.7147   266.298
12.964   257.385
13.2132   248.85
13.4625   240.674
13.7117   232.839
13.961   225.329
14.2102   218.127
14.4595   211.22
14.7087   204.592
14.958   198.231
15.2072   192.124
15.4565   186.259
15.7057   180.625
15.955   175.211
16.2042   170.007
16.4535   165.003
16.7027   160.189
16.952   155.558
17.2012   151.1
17.4505   146.809
17.6997   142.675
17.9489   138.693
18.1982   134.855
18.4474   131.155
18.6967   127.587
18.9459   124.145
19.1952   120.824
19.4444   117.618
19.6937   114.521
19.9429   111.531
20.1922   108.641
20.4414   105.848
20.6907   103.148
20.9399   100.536
21.1892   98.0099
21.4384   95.5649
21.6877   93.198
21.9369   90.9061
22.1862   88.6861
22.4354   86.5352
22.6847   84.4506
22.9339   82.4295
23.1832   80.4697
23.4324   78.5686
23.6817   76.724
23.9309   74.9337
24.1802   73.1956
24.4294   71.5079
24.6787   69.8685
24.9279   68.2758
25.1772   66.7281
25.4264   65.2236
25.6757   63.761
25.9249   62.3386
26.1742   60.9552
26.4234   59.6093
26.6727   58.2996
26.9219   57.025
27.1712   55.7843
27.4204   54.5763
27.6697   53.4
27.9189   52.2542
28.1682   51.1382
28.4174   50.0508
28.6667   48.9912
28.9159   47.9585
29.1652   46.9518
29.4144   45.9704
29.6637   45.0134
29.9129   44.0802
30.1622   43.1699
30.4114   42.282
30.6607   41.4157
30.9099   40.5704
31.1592   39.7454
31.4084   38.9403
31.6577   38.1544
31.9069   37.3871
32.1562   36.638
32.4054   35.9065
32.6547   35.1921
32.9039   34.4944
33.1532   33.8129
33.4024   33.1471
33.6517   32.4967
33.9009   31.8612
34.1502   31.2401
34.3994   30.6332
34.6486   30.04
34.8979   29.4602
35.1471   28.8934
35.3964   28.3393
35.6456   27.7975
35.8949   27.2677
36.1441   26.7496
36.3934   26.2429
36.6426   25.7473
36.8919   25.2625
37.1411   24.7882
37.3904   24.3242
37.6396   23.8702
37.8889   23.426
38.1381   22.9912
38.3874   22.5658
38.6366   22.1493
38.8859   21.7417
39.1351   21.3427
39.3844   20.9521
39.6336   20.5696
39.8829   20.1952
40.1321   19.8285
40.3814   19.4694
40.6306   19.1178
40.8799   18.7734
41.1291   18.436
41.3784   18.1056
41.6276   17.7819
41.8769   17.4648
42.1261   17.1541
42.3754   16.8496
42.6246   16.5513
42.8739   16.2589
43.1231   15.9724
43.3724   15.6916
43.6216   15.4163
43.8709   15.1465
44.1201   14.882
44.3694   14.6227
44.6186   14.3685
44.8679   14.1192
45.1171   13.8748
45.3664   13.6351
45.6156   13.4001
45.8649   13.1696
46.1141   12.9435
46.3634   12.7218
46.6126   12.5043
46.8619   12.2909
47.1111   12.0816
47.3604   11.8762
47.6096   11.6748
47.8589   11.4771
48.1081   11.2832
48.3574   11.0928
48.6066   10.9061
48.8559   10.7228
49.1051   10.5429
49.3544   10.3663
49.6036   10.193
49.8529   10.0229
50.1021   9.8559
50.3514   9.69197
50.6006   9.53102
50.8498   9.37301
51.0991   9.21786
51.3483   9.06553
51.5976   8.91594
51.8468   8.76905
52.0961   8.62481
52.3453   8.48315
52.5946   8.34403
52.8438   8.20739
53.0931   8.07318
53.3423   7.94135
53.5916   7.81187
53.8408   7.68467
54.0901   7.55972
54.3393   7.43696
54.5886   7.31636
54.8378   7.19787
55.0871   7.08144
55.3363   6.96705
55.5856   6.85465
55.8348   6.74419
56.0841   6.63564
56.3333   6.52897
56.5826   6.42413
56.8318   6.3211
57.0811   6.21983
57.3303   6.12029
57.5796   6.02245
57.8288   5.92628
58.0781   5.83174
58.3273   5.7388
58.5766   5.64744
58.8258   5.55762
59.0751   5.46932
59.3243   5.3825
59.5736   5.29714
59.8228   5.21322
60.0721   5.13069
60.3213   5.04955
60.5706   4.96975
60.8198   4.89128
61.0691   4.81412
61.3183   4.73823
61.5676   4.6636
61.8168   4.59019
62.0661   4.518
62.3153   4.44699
62.5646   4.37714
62.8138   4.30843
63.0631   4.24085
63.3123   4.17437
63.5616   4.10897
63.8108   4.04463
64.0601   3.98134
64.3093   3.91906
64.5586   3.8578
64.8078   3.79752
65.0571   3.73822
65.3063   3.67986
65.5556   3.62245
65.8048   3.56595
66.0541   3.51036
66.3033   3.45565
66.5526   3.40182
66.8018   3.34885
67.0511   3.29671
67.3003   3.24541
67.5495   3.19491
67.7988   3.14522
68.048   3.0963
68.2973   3.04816
68.5465   3.00078
68.7958   2.95413
69.045   2.90822
69.2943   2.86303
69.5435   2.81854
69.7928   2.77475
70.042   2.73164
70.2913   2.6892
70.5405   2.64742
70.7898   2.60628
71.039   2.56579
71.2883   2.52592
71.5375   2.48666
71.7868   2.44801
72.036   2.40996
72.2853   2.37249
72.5345   2.3356
72.7838   2.29928
73.033   2.26351
73.2823   2.22829
73.5315   2.1936
73.7808   2.15945
74.03   2.12581
74.2793   2.09269
74.5285   2.06007
74.7778   2.02794
75.027   1.99631
75.2763   1.96515
75.5255   1.93446
75.7748   1.90423
76.024   1.87446
76.2733   1.84513
76.5225   1.81625
76.7718   1.7878
77.021   1.75978
77.2703   1.73217
77.5195   1.70498
77.7688   1.6782
78.018   1.65182
78.2673   1.62583
78.5165   1.60023
78.7658   1.57501
79.015   1.55016
79.2643   1.52568
79.5135   1.50157
79.7628   1.47781
80.012   1.45441
80.2613   1.43135
80.5105   1.40863
80.7598   1.38625
81.009   1.3642
81.2583   1.34247
81.5075   1.32106
81.7568   1.29996
82.006   1.27918
82.2553   1.25869
82.5045   1.23851
82.7538   1.21863
83.003   1.19903
83.2523   1.17972
83.5015   1.16069
83.7508   1.14194
84   1.12346
84.2492   1.10526
84.4985   1.08731
84.7477   1.06963
84.997   1.0522
85.2462   1.03503
85.4955   1.01811
85.7447   1.00143
85.994   0.984993
86.2432   0.968794
86.4925   0.952828
86.7417   0.937094
86.991   0.921585
87.2402   0.906301
87.4895   0.891236
87.7387   0.876388
87.988   0.861753
88.2372   0.847328
88.4865   0.833111
88.7357   0.819097
88.985   0.805284
89.2342   0.791669
89.4835   0.778248
89.7327   0.76502
89.982   0.751981
90.2312   0.739129
90.4805   0.72646
90.7297   0.713972
90.979   0.701663
91.2282   0.689529
91.4775   0.677568
91.7267   0.665778
91.976   0.654155
92.2252   0.642698
92.4745   0.631405
92.7237   0.620271
92.973   0.609296
93.2222   0.598477
93.4715   0.587811
93.7207   0.577297
93.97   0.566931
94.2192   0.556712
94.4685   0.546638
94.7177   0.536706
94.967   0.526915
95.2162   0.517263
95.4655   0.507747
95.7147   0.498365
95.964   0.489116
96.2132   0.479998
96.4625   0.471008
96.7117   0.462146
96.961   0.453409
97.2102   0.444795
97.4595   0.436303
97.7087   0.427931
97.958   0.419677
98.2072   0.411539
98.4565   0.403517
98.7057   0.395607
98.955   0.387809
99.2042   0.380121
99.4535   0.372541
99.7027   0.365068
99.952   0.3577
100.201   0.350436
100.45   0.343274
100.7   0.336212
100.949   0.32925
101.198   0.322386
101.447   0.315619
101.697   0.308946
101.946   0.302368
102.195   0.295882
102.444   0.289487
102.694   0.283183
102.943   0.276967
103.192   0.270839
103.441   0.264797
103.691   0.25884
103.94   0.252967
104.189   0.247178
104.438   0.241469
104.688   0.235841
104.937   0.230293
105.186   0.224823
105.435   0.21943
105.685   0.214112
105.934   0.20887
106.183   0.203702
106.432   0.198606
106.682   0.193583
106.931   0.18863
107.18   0.183746
107.429   0.178933
107.679   0.174186
107.928   0.169507
108.177   0.164894
108.426   0.160346
108.676   0.155863
108.925   0.151443
109.174   0.147085
109.423   0.14279
109.673   0.138555
109.922   0.134381
110.171   0.130265
110.42   0.126209
110.67   0.12221
110.919   0.118267
111.168   0.114381
111.417   0.110551
111.667   0.106774
111.916   0.103052
112.165   0.0993826
112.414   0.0957657
112.664   0.0922001
112.913   0.0886855
113.162   0.0852212
113.411   0.0818062
113.661   0.0784403
113.91   0.0751223
114.159   0.071852
114.408   0.0686287
114.658   0.0654514
114.907   0.0623201
115.156   0.0592337
115.405   0.0561918
115.655   0.0531939
115.904   0.0502391
116.153   0.0473274
116.402   0.0444576
116.652   0.0416295
116.901   0.0388426
117.15   0.0360958
117.399   0.0333893
117.649   0.030722
117.898   0.0280936
118.147   0.0255037
118.396   0.0229512
118.646   0.0204363
118.895   0.017958
119.144   0.015516
119.393   0.0131099
119.643   0.0107389
119.892   0.0084029
120.141   0.0061012
120.39   0.00383334
120.64   0.00159919
120.889   -0.000602192
121.138   -0.00277072
121.387   -0.00490714
121.637   -0.00701187
121.886   -0.00908499
122.135   -0.0111274
122.384   -0.0131391
122.634   -0.0151207
122.883   -0.0170726
123.132   -0.0189949
123.381   -0.0208886
123.631   -0.0227534
123.88   -0.0245901
124.129   -0.0263992
124.378   -0.0281805
124.628   -0.0299351
124.877   -0.0316628
125.126   -0.0333642
125.375   -0.0350398
125.625   -0.0366895
125.874   -0.0383142
126.123   -0.0399138
126.372   -0.0414887
126.622   -0.0430395
126.871   -0.0445661
127.12   -0.0460692
127.369   -0.0475488
127.619   -0.0490052
127.868   -0.0504391
128.117   -0.0518501
128.366   -0.0532392
128.616   -0.0546063
128.865   -0.0559517
129.114   -0.0572759
129.363   -0.0585787
129.613   -0.059861
129.862   -0.0611227
130.111   -0.0623641
130.36   -0.0635857
130.61   -0.0647873
130.859   -0.0659698
131.108   -0.067133
131.357   -0.0682772
131.607   -0.069403
131.856   -0.0705101
132.105   -0.0715992
132.354   -0.0726704
132.604   -0.0737237
132.853   -0.0747599
133.102   -0.0757785
133.351   -0.0767803
133.601   -0.0777653
133.85   -0.0787335
134.099   -0.0796856
134.348   -0.0806213
134.598   -0.0815411
134.847   -0.0824452
135.096   -0.0833336
135.345   -0.0842069
135.595   -0.0850647
135.844   -0.0859077
136.093   -0.0867361
136.342   -0.0875496
136.592   -0.0883491
136.841   -0.0891342
137.09   -0.0899054
137.339   -0.0906629
137.589   -0.0914066
137.838   -0.0921372
138.087   -0.0928543
138.336   -0.0935584
138.586   -0.0942498
138.835   -0.0949281
139.084   -0.0955943
139.333   -0.0962478
139.583   -0.0968891
139.832   -0.0975186
140.081   -0.0981357
140.33   -0.0987414
140.58   -0.0993353
140.829   -0.0999177
141.078   -0.100489
141.327   -0.101049
141.577   -0.101598
141.826   -0.102136
142.075   -0.102663
142.324   -0.10318
142.574   -0.103686
142.823   -0.104182
143.072   -0.104667
143.321   -0.105143
143.571   -0.105609
143.82   -0.106064
144.069   -0.106511
144.318   -0.106948
144.568   -0.107375
144.817   -0.107793
145.066   -0.108202
145.315   -0.108603
145.565   -0.108994
145.814   -0.109376
146.063   -0.10975
146.312   -0.110115
146.562   -0.110472
146.811   -0.11082
147.06   -0.11116
147.309   -0.111492
147.559   -0.111816
147.808   -0.112132
148.057   -0.112441
148.306   -0.112741
148.556   -0.113034
148.805   -0.113319
149.054   -0.113597
149.303   -0.113868
149.553   -0.114131
149.802   -0.114388
150.051   -0.114637
150.3   -0.11488
150.55   -0.115116
150.799   -0.115345
151.048   -0.115567
151.297   -0.115783
151.547   -0.115993
151.796   -0.116196
152.045   -0.116392
152.294   -0.116583
152.544   -0.116768
152.793   -0.116946
153.042   -0.117119
153.291   -0.117285
153.541   -0.117447
153.79   -0.117602
154.039   -0.117751
154.288   -0.117895
154.538   -0.118033
154.787   -0.118166
155.036   -0.118294
155.285   -0.118416
155.535   -0.118534
155.784   -0.118645
156.033   -0.118753
156.282   -0.118855
156.532   -0.118952
156.781   -0.119044
157.03   -0.119131
157.279   -0.119214
157.529   -0.119293
157.778   -0.119366
158.027   -0.119436
158.276   -0.1195
158.526   -0.119561
158.775   -0.119617
159.024   -0.119668
159.273   -0.119716
159.523   -0.119759
159.772   -0.119798
160.021   -0.119833
160.27   -0.119864
160.52   -0.119892
160.769   -0.119915
161.018   -0.119935
161.267   -0.11995
161.517   -0.119962
161.766   -0.119971
162.015   -0.119975
162.264   -0.119977
162.514   -0.119974
162.763   -0.119968
163.012   -0.11996
163.261   -0.119947
163.511   -0.119931
163.76   -0.119912
164.009   -0.11989
164.258   -0.119865
164.508   -0.119836
164.757   -0.119804
165.006   -0.11977
165.255   -0.119732
165.505   -0.119692
165.754   -0.119648
166.003   -0.119602
166.252   -0.119553
166.502   -0.119501
166.751   -0.119446
167   -0.119389
167.249   -0.119329
167.498   -0.119266
167.748   -0.119201
167.997   -0.119133
168.246   -0.119063
168.495   -0.11899
168.745   -0.118915
168.994   -0.118837
169.243   -0.118758
169.492   -0.118675
169.742   -0.118591
169.991   -0.118504
170.24   -0.118415
170.489   -0.118324
170.739   -0.118231
170.988   -0.118135
171.237   -0.118039
171.486   -0.117939
171.736   -0.117838
171.985   -0.117734
172.234   -0.117628
172.483   -0.117522
172.733   -0.117412
172.982   -0.117301
173.231   -0.117188
173.48   -0.117073
173.73   -0.116957
173.979   -0.116838
174.228   -0.116718
174.477   -0.116597
174.727   -0.116473
174.976   -0.116349
175.225   -0.116221
175.474   -0.116094
175.724   -0.115964
175.973   -0.115832
176.222   -0.1157
176.471   -0.115565
176.721   -0.11543
176.97   -0.115293
177.219   -0.115154
177.468   -0.115015
177.718   -0.114873
177.967   -0.114731
178.216   -0.114588
178.465   -0.114442
178.715   -0.114296
178.964   -0.114148
179.213   -0.113999
179.462   -0.113849
179.712   -0.113697
179.961   -0.113546
180.21   -0.113391
180.459   -0.113237
180.709   -0.113082
180.958   -0.112923
181.207   -0.112767
181.456   -0.112607
181.706   -0.112447
181.955   -0.112287
182.204   -0.112124
182.453   -0.111962
182.703   -0.111797
182.952   -0.111632
183.201   -0.111468
183.45   -0.1113
183.7   -0.111134
183.949   -0.110965
184.198   -0.110795
184.447   -0.110627
184.697   -0.110454
184.946   -0.110284
185.195   -0.110111
185.444   -0.109938
185.694   -0.109765
185.943   -0.109589
186.192   -0.109415
186.441   -0.109239
186.691   -0.109061
186.94   -0.108886
187.189   -0.108706
187.438   -0.108529
187.688   -0.108349
187.937   -0.108168
188.186   -0.10799
188.435   -0.107807
188.685   -0.107627
188.934   -0.107445
189.183   -0.10726
189.432   -0.10708
189.682   -0.106894
189.931   -0.106711
190.18   -0.106527
190.429   -0.10634
190.679   -0.106157
190.928   -0.105969
191.177   -0.105783
191.426   -0.105597
191.676   -0.105407
191.925   -0.105223
192.174   -0.105032
192.423   -0.104844
192.673   -0.104657
192.922   -0.104465
193.171   -0.104278
193.42   -0.104086
193.67   -0.103896
193.919   -0.103708
194.168   -0.103513
194.417   -0.103326
194.667   -0.103132
194.916   -0.10294
195.165   -0.102751
195.414   -0.102554
195.664   -0.102366
195.913   -0.102171
196.162   -0.101977
196.411   -0.101788
196.661   -0.101589
196.91   -0.1014
197.159   -0.101205
197.408   -0.101008
197.658   -0.10082
197.907   -0.100619
198.156   -0.100429
198.405   -0.100233
198.655   -0.100035
198.904   -0.0998469
199.153   -0.0996444
199.402   -0.0994542
199.652   -0.0992586
199.901   -0.0990582
200.15   -0.0988711
200.399   -0.0986669
200.649   -0.0984762
200.898   -0.0982814
201.147   -0.0980785
201.396   -0.0978931
201.646   -0.0976875
201.895   -0.097496
202.144   -0.0973029
202.393   -0.0970971
202.643   -0.0969138
202.892   -0.0967071
203.141   -0.0965143
203.39   -0.096324
203.64   -0.0961145
203.889   -0.0959339
204.138   -0.0957266
204.387   -0.0955317
204.637   -0.0953454
204.886   -0.0951316
205.135   -0.0949538
205.384   -0.0947468
205.634   -0.0945486
205.883   -0.094368
206.132   -0.0941489
206.381   -0.0939741
206.631   -0.0937688
206.88   -0.0935654
207.129   -0.0933926
207.378   -0.0931676
207.628   -0.0929952
207.877   -0.092794
208.126   -0.0925826
208.375   -0.0924201
208.625   -0.0921887
208.874   -0.0920171
209.123   -0.0918236
209.372   -0.0916004
209.622   -0.0914508
209.871   -0.0912134
210.12   -0.0910391
210.369   -0.090859
210.619   -0.090619
210.868   -0.0904843
211.117   -0.0902436
211.366   -0.0900603
211.616   -0.0899014
211.865   -0.0896391
212.114   -0.0895198
212.363   -0.0892818
212.613   -0.0890794
212.862   -0.0889519
213.111   -0.0886626
213.36   -0.088555
213.61   -0.0883318
213.859   -0.088095
214.108   -0.0880106
214.357   -0.0876932
214.607   -0.087586
214.856   -0.0873979
215.105   -0.0871067
215.354   -0.0870749
215.604   -0.0867373
215.853   -0.0866066
216.102   -0.0864838
216.351   -0.0861166
216.601   -0.0861378
216.85   -0.0858048
217.099   -0.0856099
217.348   -0.0855903
217.598   -0.0851329
217.847   -0.0851863
218.096   -0.0849086
218.345   -0.0845913
218.595   -0.0847106
218.844   -0.0841733
219.093   -0.0842009
219.342   -0.0840608
219.592   -0.0835559
219.841   -0.083824
220.09   -0.0832671
220.339   -0.0831604
220.589   -0.0832626
220.838   -0.0825283
221.087   -0.0828906
221.336   -0.0824505
221.586   -0.0820549
221.835   -0.0824882
222.084   -0.0815627
222.333   -0.0818552
222.583   -0.0817487
222.832   -0.08091
223.081   -0.0816675
223.33   -0.0807405
223.58   -0.0806713
223.829   -0.0811396
224.078   -0.0798158
224.327   -0.080685
224.577   -0.0801392
224.826   -0.0793538
225.075   -0.0805103
225.324   -0.0789332
225.574   -0.0794218
225.823   -0.0797568
226.072   -0.0780458
226.321   -0.079641
226.571   -0.0784375
226.82   -0.0778638
227.069   -0.0794119
227.318   -0.0770452
227.568   -0.0782844
227.817   -0.0783639
228.066   -0.0762451
228.315   -0.0787052
228.565   -0.0766918
228.814   -0.0763848
229.063   -0.0784038
229.312   -0.0750997
229.562   -0.0771832
229.811   -0.0770557
230.06   -0.0743597
230.309   -0.0778474
230.559   -0.0750149
230.808   -0.0747813
231.057   -0.0775597
231.306   -0.0731461
231.556   -0.0759602
231.805   -0.0760105
232.054   -0.0723104
232.303   -0.0769817
232.553   -0.0736233
232.802   -0.072841
233.051   -0.0769414
233.3   -0.0713372
233.55   -0.074333
233.799   -0.0754564
234.048   -0.070097
234.297   -0.0758556
234.547   -0.0728692
234.796   -0.0703634
235.045   -0.0764308
235.294   -0.0700631
235.544   -0.071902
235.793   -0.0754988
236.042   -0.0680317
236.291   -0.0739228
236.541   -0.0731421
236.79   -0.0674445
237.039   -0.0754477
237.288   -0.0700068
237.538   -0.0684044
237.787   -0.0757062
238.036   -0.0670094
238.285   -0.0704601
238.535   -0.0743936
238.784   -0.0649895
239.033   -0.0728149
239.282   -0.071726
239.532   -0.0644432
239.781   -0.0746184
240.03   -0.0683156
240.279   -0.065411
240.529   -0.0752251
240.778   -0.0649464
241.027   -0.0675203
241.276   -0.0743498
241.526   -0.0623381
241.775   -0.0701395
242.024   -0.0720935
242.273   -0.0609701
242.523   -0.0725737
242.772   -0.0688618
243.021   -0.0610034
243.27   -0.0742381
243.52   -0.0652206
243.769   -0.0622992
244.018   -0.0747662
244.267   -0.0617472
244.517   -0.0645037
244.766   -0.0740415
245.015   -0.0589147
245.264   -0.0671587
245.514   -0.0721682
245.763   -0.0570284
246.012   -0.069804
246.261   -0.0694065
246.511   -0.0562107
246.76   -0.0720524
247.009   -0.0660972
247.258   -0.0564218
247.508   -0.0736337
247.757   -0.0625927
248.006   -0.0575018
248.255   -0.0744075
248.505   -0.0592034
248.754   -0.0592213
249.003   -0.0743529
249.252   -0.0561637
249.502   -0.0613305
249.751   -0.0735412
250   -0.0536209
