# r[Mpc/h]   xi_quantum(r)
1   4584.26
1.24925   3862
1.4985   3267.28
1.74775   2827.4
1.997   2493.37
2.24625   2228.41
2.4955   2013.59
2.74474   1830.91
2.99399   1676.72
3.24324   1545.35
3.49249   1431.74
3.74174   1332.61
3.99099   1244.32
4.24024   1165.75
4.48949   1095.51
4.73874   1032.2
4.98799   974.868
5.23724   922.362
5.48649   874.254
5.73574   830.066
5.98498   789.277
6.23423   751.526
6.48348   716.343
6.73273   683.535
6.98198   652.904
7.23123   624.216
7.48048   597.306
7.72973   571.951
7.97898   548.051
8.22823   525.512
8.47748   504.212
8.72673   484.066
8.97598   464.955
9.22523   446.82
9.47447   429.61
9.72372   413.255
9.97297   397.706
10.2222   382.892
10.4715   368.775
10.7207   355.325
10.97   342.497
11.2192   330.259
11.4685   318.567
11.7177   307.394
11.967   296.72
12.2162   286.515
12.4655   276.756
12.7147   267.413
12.964   258.467
13.2132   249.903
13.4625   241.7
13.7117   233.841
13.961   226.304
14.2102   219.076
14.4595   212.144
14.7087   205.493
14.958   199.112
15.2072   192.983
15.4565   187.095
15.7057   181.44
15.955   176.005
16.2042   170.782
16.4535   165.759
16.7027   160.925
16.952   156.275
17.2012   151.8
17.4505   147.492
17.6997   143.342
17.9489   139.343
18.1982   135.49
18.4474   131.775
18.6967   128.193
18.9459   124.737
19.1952   121.401
19.4444   118.182
19.6937   115.073
19.9429   112.071
20.1922   109.17
20.4414   106.365
20.6907   103.654
20.9399   101.031
21.1892   98.4945
21.4384   96.0394
21.6877   93.662
21.9369   91.3603
22.1862   89.1307
22.4354   86.9707
22.6847   84.877
22.9339   82.8468
23.1832   80.8781
23.4324   78.9685
23.6817   77.1158
23.9309   75.3175
24.1802   73.5714
24.4294   71.8759
24.6787   70.2291
24.9279   68.6294
25.1772   67.0748
25.4264   65.5633
25.6757   64.094
25.9249   62.6652
26.1742   61.2756
26.4234   59.9237
26.6727   58.608
26.9219   57.3275
27.1712   56.0811
27.4204   54.8676
27.6697   53.6859
27.9189   52.5348
28.1682   51.4134
28.4174   50.3209
28.6667   49.2563
28.9159   48.2188
29.1652   47.2072
29.4144   46.221
29.6637   45.2594
29.9129   44.3217
30.1622   43.4071
30.4114   42.5148
30.6607   41.6442
30.9099   40.7948
31.1592   39.9659
31.4084   39.1569
31.6577   38.3671
31.9069   37.596
32.1562   36.8432
32.4054   36.1082
32.6547   35.3904
32.9039   34.6892
33.1532   34.0043
33.4024   33.3353
33.6517   32.6817
33.9009   32.043
34.1502   31.4189
34.3994   30.8089
34.6486   30.2127
34.8979   29.63
35.1471   29.0604
35.3964   28.5034
35.6456   27.9587
35.8949   27.4262
36.1441   26.9055
36.3934   26.3962
36.6426   25.898
36.8919   25.4107
37.1411   24.9339
37.3904   24.4676
37.6396   24.0112
37.8889   23.5647
38.1381   23.1277
38.3874   22.7
38.6366   22.2814
38.8859   21.8717
39.1351   21.4706
39.3844   21.0779
39.6336   20.6935
39.8829   20.317
40.1321   19.9485
40.3814   19.5875
40.6306   19.234
40.8799   18.8877
41.1291   18.5486
41.3784   18.2164
41.6276   17.8909
41.8769   17.5721
42.1261   17.2597
42.3754   16.9536
42.6246   16.6536
42.8739   16.3597
43.1231   16.0716
43.3724   15.7892
43.6216   15.5125
43.8709   15.2412
44.1201   14.9752
44.3694   14.7145
44.6186   14.4589
44.8679   14.2082
45.1171   13.9625
45.3664   13.7215
45.6156   13.4851
45.8649   13.2534
46.1141   13.026
46.3634   12.8031
46.6126   12.5844
46.8619   12.3698
47.1111   12.1593
47.3604   11.9528
47.6096   11.7502
47.8589   11.5514
48.1081   11.3563
48.3574   11.1649
48.6066   10.9771
48.8559   10.7928
49.1051   10.6118
49.3544   10.4342
49.6036   10.2599
49.8529   10.0888
50.1021   9.9209
50.3514   9.75603
50.6006   9.59414
50.8498   9.43521
51.0991   9.27917
51.3483   9.12597
51.5976   8.97552
51.8468   8.82777
52.0961   8.68269
52.3453   8.5402
52.5946   8.40028
52.8438   8.26284
53.0931   8.12784
53.3423   7.99523
53.5916   7.86498
53.8408   7.73704
54.0901   7.61135
54.3393   7.48785
54.5886   7.36652
54.8378   7.24732
55.0871   7.1302
55.3363   7.01513
55.5856   6.90204
55.8348   6.79091
56.0841   6.68171
56.3333   6.5744
56.5826   6.46893
56.8318   6.36526
57.0811   6.26338
57.3303   6.16324
57.5796   6.06481
57.8288   5.96806
58.0781   5.87294
58.3273   5.77944
58.5766   5.68752
58.8258   5.59716
59.0751   5.50832
59.3243   5.42097
59.5736   5.33508
59.8228   5.25063
60.0721   5.1676
60.3213   5.08596
60.5706   5.00566
60.8198   4.9267
61.0691   4.84905
61.3183   4.77269
61.5676   4.69759
61.8168   4.62371
62.0661   4.55106
62.3153   4.4796
62.5646   4.40932
62.8138   4.34018
63.0631   4.27217
63.3123   4.20526
63.5616   4.13945
63.8108   4.07471
64.0601   4.01101
64.3093   3.94834
64.5586   3.88669
64.8078   3.82603
65.0571   3.76634
65.3063   3.70762
65.5556   3.64984
65.8048   3.59297
66.0541   3.53702
66.3033   3.48196
66.5526   3.42779
66.8018   3.37446
67.0511   3.32199
67.3003   3.27034
67.5495   3.21952
67.7988   3.1695
68.048   3.12026
68.2973   3.0718
68.5465   3.0241
68.7958   2.97715
69.045   2.93094
69.2943   2.88545
69.5435   2.84067
69.7928   2.79658
70.042   2.75319
70.2913   2.71047
70.5405   2.66841
70.7898   2.627
71.039   2.58624
71.2883   2.5461
71.5375   2.50659
71.7868   2.46768
72.036   2.42937
72.2853   2.39165
72.5345   2.35451
72.7838   2.31794
73.033   2.28193
73.2823   2.24646
73.5315   2.21154
73.7808   2.17715
74.03   2.14329
74.2793   2.10994
74.5285   2.07709
74.7778   2.04475
75.027   2.01289
75.2763   1.98152
75.5255   1.95062
75.7748   1.92018
76.024   1.8902
76.2733   1.86068
76.5225   1.8316
76.7718   1.80295
77.021   1.77473
77.2703   1.74694
77.5195   1.71956
77.7688   1.69259
78.018   1.66602
78.2673   1.63985
78.5165   1.61407
78.7658   1.58867
79.015   1.56365
79.2643   1.539
79.5135   1.51471
79.7628   1.49078
80.012   1.46721
80.2613   1.44399
80.5105   1.42111
80.7598   1.39856
81.009   1.37635
81.2583   1.35446
81.5075   1.3329
81.7568   1.31166
82.006   1.29072
82.2553   1.27009
82.5045   1.24976
82.7538   1.22973
83.003   1.21
83.2523   1.19054
83.5015   1.17138
83.7508   1.15249
84   1.13388
84.2492   1.11554
84.4985   1.09746
84.7477   1.07965
84.997   1.0621
85.2462   1.0448
85.4955   1.02775
85.7447   1.01094
85.994   0.994384
86.2432   0.978064
86.4925   0.96198
86.7417   0.946127
86.991   0.930501
87.2402   0.915101
87.4895   0.899922
87.7387   0.884963
87.988   0.870219
88.2372   0.855684
88.4865   0.841359
88.7357   0.827239
88.985   0.813323
89.2342   0.799606
89.4835   0.786082
89.7327   0.772753
89.982   0.759615
90.2312   0.746665
90.4805   0.733901
90.7297   0.721316
90.979   0.708911
91.2282   0.696683
91.4775   0.68463
91.7267   0.67275
91.976   0.661036
92.2252   0.649488
92.4745   0.638106
92.7237   0.626886
92.973   0.615825
93.2222   0.604919
93.4715   0.594169
93.7207   0.583571
93.97   0.573124
94.2192   0.562825
94.4685   0.552671
94.7177   0.54266
94.967   0.532791
95.2162   0.523062
95.4655   0.513472
95.7147   0.504015
95.964   0.494691
96.2132   0.4855
96.4625   0.476439
96.7117   0.467507
96.961   0.458699
97.2102   0.450015
97.4595   0.441454
97.7087   0.433013
97.958   0.424693
98.2072   0.416488
98.4565   0.408399
98.7057   0.400424
98.955   0.392562
99.2042   0.384811
99.4535   0.377168
99.7027   0.369632
99.952   0.362203
100.201   0.354878
100.45   0.347657
100.7   0.340537
100.949   0.333516
101.198   0.326594
101.447   0.31977
101.697   0.313043
101.946   0.306409
102.195   0.299868
102.444   0.29342
102.694   0.287062
102.943   0.280795
103.192   0.274614
103.441   0.26852
103.691   0.262513
103.94   0.256589
104.189   0.25075
104.438   0.244993
104.688   0.239315
104.937   0.233718
105.186   0.2282
105.435   0.22276
105.685   0.217397
105.934   0.212107
106.183   0.206894
106.432   0.201753
106.682   0.196686
106.931   0.191689
107.18   0.186762
107.429   0.181906
107.679   0.177118
107.928   0.172398
108.177   0.167744
108.426   0.163155
108.676   0.158631
108.925   0.154172
109.174   0.149776
109.423   0.145442
109.673   0.141168
109.922   0.136956
110.171   0.132803
110.42   0.12871
110.67   0.124674
110.919   0.120695
111.168   0.116773
111.417   0.112906
111.667   0.109096
111.916   0.105339
112.165   0.101634
112.414   0.0979833
112.664   0.0943843
112.913   0.0908371
113.162   0.0873404
113.411   0.0838927
113.661   0.0804949
113.91   0.0771457
114.159   0.0738449
114.408   0.0705913
114.658   0.0673835
114.907   0.0642222
115.156   0.0611064
115.405   0.0580358
115.655   0.0550093
115.904   0.0520256
116.153   0.0490854
116.402   0.0461876
116.652   0.0433321
116.901   0.040518
117.15   0.0377437
117.399   0.0350101
117.649   0.0323162
117.898   0.0296617
118.147   0.027046
118.396   0.0244676
118.646   0.0219271
118.895   0.0194238
119.144   0.0169573
119.393   0.0145272
119.643   0.0121318
119.892   0.00977185
120.141   0.00744676
120.39   0.00515609
120.64   0.00289946
120.889   0.000675276
121.138   -0.00151574
121.387   -0.00367416
121.637   -0.00580041
121.886   -0.00789477
122.135   -0.00995879
122.384   -0.0119918
122.634   -0.0139943
122.883   -0.0159668
123.132   -0.0179094
123.381   -0.0198236
123.631   -0.0217088
123.88   -0.0235654
124.129   -0.025394
124.378   -0.0271945
124.628   -0.0289686
124.877   -0.0307155
125.126   -0.0324357
125.375   -0.0341296
125.625   -0.0357973
125.874   -0.0374401
126.123   -0.0390577
126.372   -0.0406501
126.622   -0.042218
126.871   -0.0437613
127.12   -0.0452814
127.369   -0.0467778
127.619   -0.0482508
127.868   -0.0497007
128.117   -0.0511276
128.366   -0.0525328
128.616   -0.0539159
128.865   -0.0552769
129.114   -0.0566165
129.363   -0.0579345
129.613   -0.0592321
129.862   -0.0605091
130.111   -0.0617654
130.36   -0.0630016
130.61   -0.0642176
130.859   -0.0654145
131.108   -0.0665922
131.357   -0.0677505
131.607   -0.06889
131.856   -0.0700105
132.105   -0.0711131
132.354   -0.0721978
132.604   -0.0732643
132.853   -0.0743132
133.102   -0.0753444
133.351   -0.0763587
133.601   -0.0773564
133.85   -0.0783369
134.099   -0.0793011
134.348   -0.0802485
134.598   -0.0811803
134.847   -0.0820964
135.096   -0.0829965
135.345   -0.0838813
135.595   -0.0847504
135.844   -0.0856047
136.093   -0.0864446
136.342   -0.0872693
136.592   -0.0880797
136.841   -0.0888755
137.09   -0.0896574
137.339   -0.0904258
137.589   -0.09118
137.838   -0.0919209
138.087   -0.092648
138.336   -0.0933621
138.586   -0.0940636
138.835   -0.0947518
139.084   -0.0954275
139.333   -0.0960903
139.583   -0.0967409
139.832   -0.0973797
140.081   -0.0980061
140.33   -0.0986208
140.58   -0.0992235
140.829   -0.0998146
141.078   -0.100395
141.327   -0.100963
141.577   -0.101521
141.826   -0.102067
142.075   -0.102603
142.324   -0.103128
142.574   -0.103643
142.823   -0.104147
143.072   -0.10464
143.321   -0.105124
143.571   -0.105598
143.82   -0.106061
144.069   -0.106515
144.318   -0.10696
144.568   -0.107394
144.817   -0.10782
145.066   -0.108236
145.315   -0.108644
145.565   -0.109042
145.814   -0.109431
146.063   -0.109812
146.312   -0.110184
146.562   -0.110547
146.811   -0.110902
147.06   -0.111248
147.309   -0.111587
147.559   -0.111917
147.808   -0.11224
148.057   -0.112554
148.306   -0.112861
148.556   -0.11316
148.805   -0.113452
149.054   -0.113736
149.303   -0.114013
149.553   -0.114282
149.802   -0.114544
150.051   -0.114799
150.3   -0.115048
150.55   -0.115289
150.799   -0.115523
151.048   -0.115751
151.297   -0.115973
151.547   -0.116187
151.796   -0.116396
152.045   -0.116597
152.294   -0.116793
152.544   -0.116983
152.793   -0.117166
153.042   -0.117343
153.291   -0.117515
153.541   -0.11768
153.79   -0.11784
154.039   -0.117994
154.288   -0.118143
154.538   -0.118286
154.787   -0.118423
155.036   -0.118555
155.285   -0.118682
155.535   -0.118804
155.784   -0.11892
156.033   -0.119031
156.282   -0.119138
156.532   -0.119239
156.781   -0.119335
157.03   -0.119427
157.279   -0.119513
157.529   -0.119596
157.778   -0.119673
158.027   -0.119746
158.276   -0.119814
158.526   -0.119878
158.775   -0.119938
159.024   -0.119993
159.273   -0.120044
159.523   -0.12009
159.772   -0.120133
160.021   -0.120172
160.27   -0.120206
160.52   -0.120237
160.769   -0.120263
161.018   -0.120286
161.267   -0.120305
161.517   -0.12032
161.766   -0.120332
162.015   -0.120339
162.264   -0.120344
162.514   -0.120345
162.763   -0.120342
163.012   -0.120336
163.261   -0.120326
163.511   -0.120313
163.76   -0.120297
164.009   -0.120277
164.258   -0.120254
164.508   -0.120228
164.757   -0.120199
165.006   -0.120167
165.255   -0.120132
165.505   -0.120094
165.754   -0.120053
166.003   -0.120009
166.252   -0.119962
166.502   -0.119913
166.751   -0.11986
167   -0.119805
167.249   -0.119747
167.498   -0.119687
167.748   -0.119624
167.997   -0.119559
168.246   -0.11949
168.495   -0.11942
168.745   -0.119347
168.994   -0.119271
169.243   -0.119193
169.492   -0.119113
169.742   -0.11903
169.991   -0.118946
170.24   -0.118859
170.489   -0.118769
170.739   -0.118678
170.988   -0.118584
171.237   -0.118489
171.486   -0.118391
171.736   -0.118291
171.985   -0.118189
172.234   -0.118085
172.483   -0.11798
172.733   -0.117872
172.982   -0.117763
173.231   -0.117651
173.48   -0.117538
173.73   -0.117423
173.979   -0.117306
174.228   -0.117188
174.477   -0.117067
174.727   -0.116945
174.976   -0.116822
175.225   -0.116697
175.474   -0.11657
175.724   -0.116441
175.973   -0.116311
176.222   -0.11618
176.471   -0.116047
176.721   -0.115913
176.97   -0.115777
177.219   -0.115639
177.468   -0.115501
177.718   -0.11536
177.967   -0.115219
178.216   -0.115076
178.465   -0.114932
178.715   -0.114787
178.964   -0.11464
179.213   -0.114492
179.462   -0.114343
179.712   -0.114192
179.961   -0.114041
180.21   -0.113888
180.459   -0.113735
180.709   -0.11358
180.958   -0.113423
181.207   -0.113267
181.456   -0.113108
181.706   -0.112949
181.955   -0.112789
182.204   -0.112628
182.453   -0.112466
182.703   -0.112303
182.952   -0.112139
183.201   -0.111974
183.45   -0.111807
183.7   -0.111641
183.949   -0.111473
184.198   -0.111305
184.447   -0.111136
184.697   -0.110965
184.946   -0.110794
185.195   -0.110623
185.444   -0.11045
185.694   -0.110277
185.943   -0.110103
186.192   -0.109928
186.441   -0.109753
186.691   -0.109576
186.94   -0.1094
187.189   -0.109222
187.438   -0.109044
187.688   -0.108865
187.937   -0.108686
188.186   -0.108506
188.435   -0.108325
188.685   -0.108144
188.934   -0.107963
189.183   -0.10778
189.432   -0.107598
189.682   -0.107414
189.931   -0.10723
190.18   -0.107046
190.429   -0.106861
190.679   -0.106676
190.928   -0.10649
191.177   -0.106304
191.426   -0.106117
191.676   -0.10593
191.925   -0.105743
192.174   -0.105554
192.423   -0.105366
192.673   -0.105178
192.922   -0.104988
193.171   -0.104799
193.42   -0.104609
193.67   -0.104419
193.919   -0.104229
194.168   -0.104038
194.417   -0.103847
194.667   -0.103655
194.916   -0.103464
195.165   -0.103272
195.414   -0.10308
195.664   -0.102888
195.913   -0.102695
196.162   -0.102502
196.411   -0.102309
196.661   -0.102115
196.91   -0.101922
197.159   -0.101728
197.408   -0.101534
197.658   -0.10134
197.907   -0.101145
198.156   -0.100951
198.405   -0.100756
198.655   -0.100561
198.904   -0.100366
199.153   -0.100171
199.402   -0.0999759
199.652   -0.0997802
199.901   -0.0995846
200.15   -0.0993894
200.399   -0.0991932
200.649   -0.0989978
200.898   -0.0988017
201.147   -0.0986055
201.396   -0.0984099
201.646   -0.0982133
201.895   -0.0980175
202.144   -0.0978212
202.393   -0.0976246
202.643   -0.0974288
202.892   -0.097232
203.141   -0.097036
203.39   -0.0968395
203.64   -0.0966428
203.889   -0.0964469
204.138   -0.09625
204.387   -0.0960539
204.637   -0.0958575
204.886   -0.0956607
205.135   -0.095465
205.384   -0.0952682
205.634   -0.0950721
205.883   -0.0948759
206.132   -0.0946792
206.381   -0.0944837
206.631   -0.0942871
206.88   -0.0940913
207.129   -0.0938955
207.378   -0.093699
207.628   -0.0935038
207.877   -0.0933076
208.126   -0.0931121
208.375   -0.0929167
208.625   -0.0927206
208.874   -0.0925259
209.123   -0.0923301
209.372   -0.0921351
209.622   -0.0919403
209.871   -0.0917446
210.12   -0.0915505
210.369   -0.0913554
210.619   -0.0911608
210.868   -0.0909668
211.117   -0.0907717
211.366   -0.0905783
211.616   -0.0903838
211.865   -0.0901899
212.114   -0.0899966
212.363   -0.0898022
212.613   -0.0896096
212.862   -0.089416
213.111   -0.0892228
213.36   -0.0890304
213.61   -0.0888368
213.859   -0.088645
214.108   -0.0884523
214.357   -0.0882599
214.607   -0.0880685
214.856   -0.0878758
215.105   -0.0876849
215.354   -0.0874932
215.604   -0.0873016
215.853   -0.0871114
216.102   -0.0869196
216.351   -0.0867296
216.601   -0.0865391
216.85   -0.0863484
217.099   -0.0861593
217.348   -0.0859686
217.598   -0.0857797
217.847   -0.0855903
218.096   -0.0854007
218.345   -0.0852128
218.595   -0.0850231
218.844   -0.0848353
219.093   -0.0846473
219.342   -0.0844586
219.592   -0.084272
219.841   -0.0840835
220.09   -0.0838969
220.339   -0.0837102
220.589   -0.0835226
220.838   -0.0833374
221.087   -0.0831501
221.336   -0.0829646
221.586   -0.0827793
221.835   -0.0825929
222.084   -0.0824091
222.333   -0.0822231
222.583   -0.0820389
222.832   -0.0818551
223.081   -0.0816698
223.33   -0.0814874
223.58   -0.0813028
223.829   -0.0811198
224.078   -0.0809375
224.327   -0.0807535
224.577   -0.0805726
224.826   -0.0803894
225.075   -0.0802077
225.324   -0.080027
225.574   -0.0798443
225.823   -0.0796648
226.072   -0.0794831
226.321   -0.0793027
226.571   -0.0791236
226.82   -0.0789422
227.069   -0.0787642
227.318   -0.0785841
227.568   -0.0784049
227.817   -0.0782276
228.066   -0.0780475
228.315   -0.0778711
228.565   -0.0776926
228.814   -0.0775147
229.063   -0.0773392
229.312   -0.0771604
229.562   -0.0769855
229.811   -0.0768087
230.06   -0.0766321
230.309   -0.0764583
230.559   -0.076281
230.808   -0.0761076
231.057   -0.0759326
231.306   -0.0757572
231.556   -0.0755853
231.805   -0.0754094
232.054   -0.0752376
232.303   -0.0750643
232.553   -0.0748902
232.802   -0.0747202
233.051   -0.0745457
233.3   -0.0743754
233.55   -0.0742041
233.799   -0.0740312
234.048   -0.0738631
234.297   -0.0736901
234.547   -0.0735213
234.796   -0.0733519
235.045   -0.0731803
235.294   -0.073014
235.544   -0.0728426
235.793   -0.0726753
236.042   -0.0725079
236.291   -0.0723374
236.541   -0.0721732
236.79   -0.0720034
237.039   -0.0718374
237.288   -0.0716721
237.538   -0.0715028
237.787   -0.0713405
238.036   -0.0711724
238.285   -0.0710077
238.535   -0.0708446
238.784   -0.0706765
239.033   -0.0705162
239.282   -0.0703497
239.532   -0.0701863
239.781   -0.0700255
240.03   -0.0698585
240.279   -0.0697001
240.529   -0.0695354
240.778   -0.0693732
241.027   -0.0692148
241.276   -0.0690488
241.526   -0.0688924
241.775   -0.0687296
242.024   -0.0685685
242.273   -0.0684125
242.523   -0.0682476
242.772   -0.068093
243.021   -0.0679323
243.27   -0.067772
243.52   -0.0676186
243.769   -0.0674547
244.018   -0.067302
244.267   -0.0671434
244.517   -0.0669839
244.766   -0.0668333
245.015   -0.0666703
245.264   -0.0665194
245.514   -0.0663631
245.763   -0.0662042
246.012   -0.0660564
246.261   -0.0658944
246.511   -0.065745
246.76   -0.0655914
247.009   -0.0654327
247.258   -0.0652879
247.508   -0.065127
247.757   -0.064979
248.006   -0.0648282
248.255   -0.0646696
248.505   -0.064528
248.754   -0.064368
249.003   -0.0642213
249.252   -0.0640737
249.502   -0.0639148
249.751   -0.0637764
250   -0.0636177
